-3618
-1822
-3313
-1738
181
-2808
-419
-4218
-4153
-3532
-3140
-4209
-2753
494
-1618
-2569
-634
-3919
-3805
-2001
-2636
-464
-1817
-2891
-601
-2820
-4368
-1412
-4188
-2887
-146
-3964
-452
-770
-4280
-4085
289
-1415
-3161
-455
-998
-1593
-4082
-4692
-3089
-10
-3646
98
-3284
-3900
-196
-1549
-14
-1689
-3641
-2051
-3363
-1349
-1484
-2693
-1232
-37
-3495
-57
-3336
-3270
-4138
-3241
-3829
-2848
-2815
-2990
-3156
440
-1818
-693
-80
-2547
-2399
-4141
496
-91
-3388
-1573
-2781
-2328
-88
-4723
-3816
-813
-4074
-1595
-1621
-1406
-1506
-1034
-706
-4607
-3909
-349
-1291
-163
-2141
-3921
-2509
-2743
-940
-2976
-3619
-817
-847
-4423
-2421
-1326
-3591
-4978
-3420
-810
-1693
-982
-2121
-3831
-1600
307
-3976
-616
-1832
-1835
-3000
-271
-796
-23
-1480
-195
-3266
-2172
-2418
-4688
-2605
-3852
225
-419
-2484
-3445
-1694
-329
-3057
-926
-4070
-912
237
174
-291
-4232
-936
-489
-1362
-1127
-4373
-1486
-2276
-1436
-808
-2782
-629
-2406
-4676
-4687
-4221
-439
348
-1744
-1563
-3883
-358
-3291
-4778
-4395
27
-1830
-1265
-3256
58
-4857
-570
-1532
-887
-3023
-1679
-2139
-3286
-1434
-2013
-3826
-4277
-4180
-845
-4517
207
-4576
-2550
-2953
-1241
-443
-2844
-496
-3373
-571
-1874
-1967
-2083
61
230
-2547
-1873
-4989
287
-935
-988
-661
-4853
-3801
-4729
-4082
-413
-3764
195
-2109
-4136
-2283
-995
-315
136
-3214
-1339
-4405
-3715
-425
-4418
-2038
-3779
-3785
-3807
-3611
-1159
-738
-4806
-2028
-433
230
-492
-2687
-86
-3345
-4736
-397
-1053
-722
-599
-1497
-2222
-1155
-409
-2352
-2827
-1607
-307
-1311
-1490
-462
-4536
-2724
-2203
-4139
-4411
-4757
-342
-356
-3091
84
-4566
422
-2067
-3381
-605
-4998
-1939
402
-2141
-1759
-4222
-1098
-1007
-210
-3446
-975
-1694
-1140
-4006
-489
-3651
-777
-4143
-2150
-4937
-2606
-738
-3341
102
-1625
-1552
-4937
-2312
-2231
-383
471
-3673
-3064
-1441
-4455
-690
-1839
-4160
-2511
-2395
-3229
466
-3045
-3469
-4848
-1329
251
-3840
-2757
-1197
-1978
-4085
-3203
-466
-244
-442
-1566
-561
-3495
-2298
-2815
-4563
-2219
-1292
-1602
-1036
173
-2821
-2484
-4165
-908
-1276
-3425
-717
-1948
-1392
-3079
-2041
-2997
-3737
-3740
-3102
-1657
-465
-2011
-2873
-4171
-1199
-1533
-1386
-2896
-3107
-4566
-4471
-223
-1869
-2460
-3296
-4952
-3680
-376
474
-1005
347
-1404
-392
-1660
182
-2679
-4349
-4819
-3950
-1666
-315
-1444
157
-3238
-4149
-4608
-2595
-3964
-530
-3684
-3187
-1633
-3457
-2966
-2475
-4092
-3289
-4708
-1203
469
-4349
-29
-2858
-3418
-4156
-4251
-3498
-172
-3490
-1909
-2358
-4368
-1564
-3061
-2559
-2519
-2134
-4710
-3525
-2363
-1552
-3729
-3590
-4767
-789
214
-3554
-1316
-2470
-4455
-3679
164
-3198
-3679
-2400
-2220
-259
-2725
486
-4755
-870
-186
-3621
-3772
-2808
-3155
-4144
-1068
-1121
-3488
-2758
-1761
-3304
-4434
418
-1520
-4701
-3260
-3391
-4596
-388
-118
-2701
444
-3747
-1514
-178
-779
-1261
-1238
-1605
-4057
-2785
-2097
-4963
-4992
452
468
-4899
-817
-4953
-2439
-4616
-2851
-846
-4151
219
-2984
-2820
-4645
-2885
-1401
-2004
-2223
-3148
-132
-1286
-1354
-33
-3586
-4432
-533
-3083
-1067
-578
-3915
-3727
-737
-547
-4433
-2350
-4088
-3613
-1728
-1667
-3980
-2561
-1864
-3988
-3239
-107
-2031
-1013
-383
-749
-4583
483
-1882
401
-4341
-3180
-561
-4745
-2855
-3368
95
-2680
-1372
-3607
-1544
-709
-1109
-3060
-1632
402
-695
-615
-846
-1618
-3125
-4015
-2139
-3073
-4262
-587
-3090
-2241
-683
-46
451
-753
-3091
-2308
-1665
-58
-3061
238
-4654
-4801
-1082
-2934
-2162
347
-811
-749
-3129
-42
-40
-1632
-4107
-4489
-4566
-3814
-542
-4991
-1621
252
-3236
-2356
-4144
-1266
-4511
-3271
-3200
-3622
31
-561
-2533
-498
-4778
-3905
-3037
-4013
-4107
-376
-1940
28
-2427
-590
459
361
-1445
-1336
-4775
-2628
-700
-673
-4946
149
-2301
-4648
-1722
-3068
-2650
-206
-3172
-3061
-3962
-4353
-3682
-3063
496
-4704
-3431
-807
-742
-1247
-839
-1528
183
-2791
-17
-111
-217
473
-3385
-2817
-4955
-4284
-3956
-3289
-3699
-2896
88
-3922
239
-2091
-4403
-4185
-2224
-4862
-234
-3059
-2303
-1090
-1297
-2153
-4028
-1202
-2056
-1489
-2349
-1889
112
-2561
-641
360
-1146
-3009
-2749
362
-4243
85
-997
-2087
-3477
-3678
-3661
195
-618
-612
-1886
118
-829
-1777
-4656
-4935
-2539
-541
-3474
-392
-245
-1832
-256
-379
-3067
-4900
-1445
-2115
8
-2994
-3516
-4914
-2502
259
-1449
-2638
-3390
-2718
-678
-2750
-424
-1765
-1624
-2174
445
478
-2635
-3512
-4721
-4089
324
-4567
-2759
-3680
-728
-1575
-329
-114
-1001
-4526
-605
-3007
-2361
226
8
-3795
-3853
-74
-2771
269
-4790
-3148
-4060
-2862
-4852
-1076
-1518
-1809
-154
459
-2389
60
-1249
-2358
-3035
-1823
-3752
-491
-2181
-1642
-4287
-2509
-937
-105
-1900
304
-478
-3809
-1047
-3991
-4616
-3068
-154
-278
-3330
-4986
-1606
-3943
-1938
-3899
-2493
-1075
-2452
-3885
-4056
-968
-1514
-4856
338
-3606
-1715
-4430
-2237
-1713
-1773
-758
-3737
-1480
-2002
-83
456
-262
-1073
-2117
-2538
-4525
-873
-402
-926
-1646
-3360
-3631
-2035
-4888
-2314
-3778
-2748
-2461
-953
-1969
-2362
-3311
-4054
-179
-1304
-4235
-4445
-4983
-2397
-3783
-1900
-1244
-4118
-1536
-3343
-3087
-807
-791
-291
-2224
-268
-813
-1266
-1937
-4615
-3591
-1497
-4260
-1059
-3270
153
-4711
-1780
-2523
-431
-2729
-4621
-3743
-819
-4784
386
-2075
324
-2125
-4577
-909
-4526
-4516
-1869
142
-938
-3340
-2958
-3499
-2878
-4048
-1371
-1164
93
-2167
-43
-2120
-3401
-2013
-3428
-3262
-213
-218
-4685
-4998
-4688
-928
-4695
-3205
-2107
-3532
-4113
-4324
-3
-2422
-4079
-516
-4372
163
-4649
-4489
-1500
-3688
-521
-1825
497
-1410
-7
-1678
-4491
-2585
-4829
-3449
-4257
-2380
-1571
-3703
-3166
-3160
469
-3701
-3567
-3882
-4909
-4171
-682
-2828
-3118
-2419
280
-4822
-1591
-3137
-350
-336
-1481
-945
-3902
-3549
-729
-4253
-3372
-3255
-356
-4135
-2428
-4585
-1228
-2912
-2412
-3946
338
107
-230
-1002
-4254
-1148
-4949
-1441
232
-4089
-2672
-3474
-2646
-3917
-4413
-4879
-823
-1183
68
-1295
241
-1604
-4080
-4585
-4004
-4200
-3846
-115
-1398
-1340
-2398
-4925
84
-2375
451
-3703
-2944
-2478
-3571
-933
-2943
-3028
-688
-4185
-4423
-1072
-4071
-3882
-2635
-1075
-4681
372
-883
-4703
-4902
-2505
336
-2536
-116
-1767
-363
-890
-4261
-4917
-4726
-1527
-3314
-2544
-763
-2065
-8
-3717
-3272
-190
-438
492
-3960
-3452
-1579
-4093
-2060
-48
-1009
-1346
-4805
-1652
-4376
-905
458
-3921
-3364
-3062
-2462
-915
-3293
-2053
-521
-3913
-4072
285
-2679
-2144
-4949
-3883
-1522
-2679
-1900
-4424
-963
369
-3603
-3409
-1634
-3637
-206
-3376
-4422
-4694
-4334
-4103
-4377
-3802
-4142
115
-1902
-4314
-1819
-1558
141
-4940
-4658
-3092
369
-2086
-3335
-2490
-2110
-3975
-2890
-2497
-744
-2470
-4823
465
-4105
-3990
-2083
-2308
-155
-3241
-1785
-186
231
-2856
-3040
-2411
-4671
-2177
-1688
-153
-1768
-1019
-4665
-2044
-1883
-3014
-2884
-1261
-1072
-671
-3920
-1133
-4689
-2867
279
-1403
-3828
-2474
-4287
-1011
-892
-910
-3687
-1939
-3239
-2782
-4664
12
127
-235
26
-4468
-2695
440
-506
-4272
-1491
-4234
-1839
-253
-348
-1251
-4512
-3698
-2596
94
-903
-1839
310
-2892
-4003
-1077
-1590
-3344
-3045
-2488
491
140
-4764
-2060
-1630
-1160
372
-3710
-417
-2452
-4502
-1764
106
-4743
-3773
156
-1315
-1792
-829
174
-2423
-1556
-2830
-2082
-4309
-4350
-4377
-4714
-936
-1390
-3365
-3984
-3555
-233
-1670
-2694
-3155
213
166
-3240
-70
-685
-4004
-3047
-275
-1376
-2362
-3539
-676
175
-3753
-541
-4314
-2681
-800
-4568
-999
-1340
-3556
-1995
-381
-2617
49
26
-4013
-2470
-75
-2289
-3706
-4815
-2284
-4679
-4728
-3597
-2380
-2084
-2477
-600
-4082
-4193
-664
-3251
-3500
-3448
-2980
68
-3379
-340
-2498
-2703
-793
-2644
-4384
-2921
-2006
-2683
-1125
-304
446
89
-1901
-4459
-4378
390
-4869
-4960
-2960
-1353
-1926
-2361
-1048
-3463
325
-4910
-2790
-1748
158
-2182
-3312
-3322
-4612
-470
-159
-3119
-1903
103
-2795
-26
-3630
-335
-878
-905
-1489
-4687
-3191
-891
2
-3865
-194
-2135
-3938
-4111
-3477
-1626
-3108
-940
-3696
-3601
-2871
-4742
-552
225
-4889
-4502
-3991
212
-4940
-4662
-1747
-4451
-1747
-3987
-641
-3314
-2732
-3048
-1173
-879
-4117
-479
-1705
-4542
-216
-3509
-165
-418
-4772
-2061
-487
-663
-1848
-3130
-505
-4678
-1992
251
-3476
-1119
-1866
-2259
-1510
-1249
-1288
-1380
-3724
-2911
-2369
-1680
-2073
-1143
-382
-4261
208
-57
-867
-616
167
-2026
-1983
-3228
408
-4534
-4665
-104
-3549
-3998
-3029
-2988
-4777
-2744
227
-4510
-4583
-4698
-1430
-1822
-2726
-4911
-4373
-2125
-4171
-506
265
-1432
-38
-294
-3762
-3170
-1718
-2902
-3921
-240
-542
-2602
170
-1766
-1737
-4062
-3604
-4496
134
-1494
-1393
-1680
-3701
-1606
-2730
259
-916
-3154
154
-1128
-3114
-2862
-4557
-3150
-4753
-2838
-1222
-2344
195
-157
172
-1025
-4197
-2610
-2951
-4135
441
-1806
-514
-1886
-3953
151
-2663
-2292
113
-4200
175
-1448
-4713
-3318
-1666
-1550
-3256
-876
-771
-1226
-2769
-29
-3359
-2098
-4339
-3092
-2478
-2201
-4140
304
-4270
-4345
-3218
-450
386
-2553
-1895
-2681
-3097
-2576
-2164
-3038
-4478
-2229
-2405
-2334
231
-2482
-2526
-614
-3919
-1284
-3237
-3165
56
-4558
-3743
-657
-4598
-3872
-4952
-1705
-1566
-489
-1039
-1732
-2979
-3136
-273
-1724
-1339
-2343
327
-2045
-4551
-809
443
-2666
203
-1102
-2108
177
-3282
225
-4042
-1123
-429
-3905
-4493
-4129
-316
-1407
-4007
-4633
-4466
-4979
-2276
-82
-1909
-3821
-4310
-1847
-3418
-4070
223
-4799
-3501
-508
-2325
-2365
-4145
-1989
-4790
-3147
-2019
-1854
-4171
-2669
-2514
163
34
-1725
-4174
-3366
-1209
-4442
334
-906
-2693
-1348
-4341
-4187
-3189
-4151
-4779
-3355
-2341
-1992
-3662
-4335
-3674
-905
-3641
-2005
-3376
-4509
-1517
-4255
-2966
-4533
-1115
-4076
-2841
-3989
-2716
117
-3342
-2048
-555
-2217
421
-4057
-1416
-3547
72
-647
180
-933
-1872
40
-645
-1970
-4643
-1273
-2381
-4514
-151
-358
-131
-1621
-933
-1168
-1157
-3663
-725
-2468
-2492
-3296
-2140
-3406
-3019
-2144
-3312
-1780
-341
-554
-3039
-4879
-836
-3933
-2236
-1113
-1114
-4602
-344
-2813
-593
-4193
-4929
-3674
-595
-2913
430
-1025
-1926
-4883
-1586
244
-4261
-791
255
-2478
-1082
-4988
-996
-1509
-3570
-976
46
-1646
-2230
-4800
-133
-3630
-3966
-3654
-4535
-2177
-3783
-2303
-3470
-3265
-4532
-3480
-4348
-1624
-4291
-3189
-1859
-1636
-1424
-2323
214
-1123
-791
-1945
-3115
434
-4487
-2535
-4778
-456
-2493
-21
-3376
-1316
-2282
-3448
39
-17
-4198
302
-1587
-4937
172
-2915
-2366
-1627
179
-4231
-3368
-3206
-2315
483
-3420
-3552
11
-4210
-2164
-1202
-2557
-1290
-2608
-2400
-2436
-4359
-1979
-662
-1730
-3522
-241
-2886
-990
-4788
-1654
-1189
-4691
-3400
188
-4376
-2642
-156
-3135
-1139
401
-4106
-2349
-1158
-3077
-2301
-2567
-1447
-3964
-1438
-2576
-1647
-1894
69
-4471
-46
-1743
-3918
-2653
-2566
-4366
-1100
-926
-643
-3701
-1995
-26
-4699
-4520
-1038
-3789
-2078
-721
-1743
51
-61
-4306
21
-1633
-1750
-4305
-4886
-1653
-1947
148
-4569
-4006
-675
-568
-305
-3538
362
-3174
-2939
-3154
-3432
-1182
-4401
-4041
-4584
123
-3513
-1561
-2758
-815
-3415
266
-4672
-1337
-1419
-426
-2888
-267
330
-5000
-4784
-1236
-2471
-3791
-3574
-2320
-1021
-508
-4594
-1456
-409
71
-2128
-1713
-4653
-4635
-4533
-780
-467
-254
-4085
-3672
-364
-2045
-3707
-2973
-4983
-2453
-1843
-4480
-4935
-2696
-156
-2973
-3950
-1580
-4780
-3928
-1609
-4425
-1504
401
-62
-724
-3949
-3034
-4727
-3381
-1824
-503
-3516
-4322
-4860
-386
-4211
-82
-2356
-2991
353
-68
-3528
-861
335
-2739
-4938
-1343
-2822
-1235
-3107
-4124
-1635
409
-430
-4922
-1222
-3859
-500
-3281
-2927
-503
-2544
497
-4038
-2314
-2297
490
-804
-767
-3667
-4111
-3510
-3745
-125
248
-4923
162
-4930
-3748
-1100
-4159
-693
-1240
-4337
-2129
-91
-2719
-4317
-772
-2805
-4748
-3728
-2098
-4363
-4547
-1850
-570
-2039
-1158
-4163
-1296
-646
-2987
-3973
-4309
-1336
-402
-4884
-785
-1039
-92
-149
-646
-181
-2549
407
-2311
-154
-2871
-4245
-3458
-4393
-1662
436
-4878
-3426
-355
-4223
-827
-2256
-151
-4088
-2009
-368
-349
-4816
5
-3492
-3132
-3860
-2442
-4493
-2380
-77
-324
-1611
-3071
-2491
-797
-4825
-3732
-1448
-3652
-4570
-1330
-4495
-1065
-4300
-4981
-2480
-2453
-103
-3326
-738
-4242
297
-4676
-5000
-2224
-3265
-3578
-1793
-1058
-2544
-4749
-3920
-1420
-250
329
-362
-1027
-2155
-2238
-3551
-4790
-4689
-4527
-4637
-2691
-2020
-4922
-641
-792
358
-446
-105
-4756
338
-2071
-1523
-553
-1570
-3824
-996
-1333
-1282
-1906
-2818
-292
-91
-2904
-170
-2404
-4706
-2893
-320
-263
-1947
-932
-3863
-4539
-1681
-678
-3062
-2283
-683
-3909
-1531
-2708
-4499
-3554
-3442
-708
-3609
-863
-4873
-4771
-572
-2919
-1565
-3228
-4402
-118
-166
-2731
-746
-1931
-3250
-1395
-4003
-4748
-4063
-416
-1389
247
-405
157
-2320
-3135
199
-4693
-621
-1558
-2792
-3681
-2795
-1452
-2463
-2604
-1077
-3909
-4245
-3959
-3103
-1611
-4010
-4702
-1512
-4713
87
-4611
-4345
-4006
-2486
-2723
-3858
-2980
1
-1846
-1665
-3454
-4268
375
-1315
-3120
-102
257
-1673
-924
356
-977
-4261
-4313
-3328
-249
-2668
-3647
-877
-4253
-1629
-51
-4489
-2638
-3342
-4464
-4002
-300
-3590
278
-822
-3894
-570
-1956
-4928
-2162
-1280
-685
-228
-2556
263
-2131
-16
-2316
-4626
-3006
-3030
-1015
-3848
-1173
-1587
-4621
11
-3998
-1641
-2652
-4550
-1692
-4887
-2890
-3273
-1071
185
-2772
-421
117
-2638
-1822
-3004
-669
-1678
-3448
-4133
-3738
-4347
303
-1935
-2374
-1811
-2939
-1625
-195
-3016
-3487
214
-3764
-1752
361
-1196
-160
-1113
-285
169
-3783
-2997
-3276
-1773
347
-1352
-365
-3964
-2357
-3936
-1105
-139
-1151
-348
-3084
-1393
-2193
64
-3764
403
-1764
-4258
-553
-745
-166
-3496
-744
-1406
-1205
-2944
-1383
-112
-1051
-1780
-3320
-30
-3051
-1809
-2140
-1290
479
-1322
303
-4436
-4018
-2838
206
301
-790
-653
-1811
-4578
-4298
-1154
-3097
-336
-4263
-1619
294
-2605
-3338
-1120
-1905
-2211
-909
18
-3955
-839
-2894
-276
-945
-3787
-4668
-3364
-1729
-3520
-563
-1105
-3485
-597
-1343
310
-442
-3330
-2885
-201
-727
-3942
-4125
-2827
-3644
-488
-4392
-462
-2213
-967
-4563
-2205
-2677
-604
-4427
-3823
-1512
-1057
285
-2368
-3550
-783
-1964
-3048
-1417
-2273
364
-1131
-4894
-3393
-4252
198
-2947
-98
-852
-2357
-4628
-1775
326
-3670
82
-4304
-4488
-3505
-3387
-908
-1613
-3576
-4761
-4818
-3356
-4553
-2373
21
-3035
-3171
-4996
-1247
-4022
-794
-1491
-1763
-3399
-3792
-4878
-2321
-3982
-3009
-926
-2027
-4985
-3392
-4166
20
-3352
-1660
-3518
-4303
-2001
-1103
-630
-1722
-1386
-4475
-3261
-279
-893
345
59
137
-564
-1358
-1115
-1658
-4737
-4916
-1775
-1770
-528
-2604
-1545
-3195
-90
-2248
-4597
-631
-3243
463
406
-4498
-1200
62
-1015
-4149
-3323
-1127
-1775
-1808
-770
-3398
-2210
-292
-3908
-419
-4221
-732
134
-2476
-4897
-2062
-4493
-2630
-1795
-63
-2439
-3725
-116
-1115
-2916
236
-2637
-4824
-2193
152
-129
-4297
-1141
-311
201
-1267
-962
-559
-3367
-691
-339
-3050
-1608
-946
197
-702
-4075
-4544
-4260
-2979
-2069
-51
-1337
-4200
-4737
-2750
-3823
-3646
410
-4213
-3696
-1870
-22
-2283
-3014
-1532
-946
-3630
-4782
-4621
-2909
-4745
-4985
-4205
-2466
-4327
-1857
123
-3398
-3429
-1705
-4635
-791
-1065
-2858
-2690
-1186
-184
-1398
86
-2351
-1553
71
-4578
-1557
-430
-3699
-183
-70
-904
-3889
-2383
-3604
-3029
-3299
-4084
-4176
-4304
-746
-4858
-1105
-2208
-3427
-3473
-3822
-4202
-4777
278
-3972
-4778
-4960
-480
-2713
-3988
-520
-4832
-1580
-4595
-1404
-2239
-1204
-3077
-2049
54
-4919
-1692
-3645
-2504
-3645
-1446
-4395
-736
-1431
-4325
-4772
-4791
-2199
-2471
-4659
-318
-4265
-1343
-780
-609
349
-1613
-4409
-1754
-2113
-3847
-1083
-2502
-2646
-281
-2300
-1931
-1922
-895
-3139
408
-113
-3767
19
-78
-4987
-640
-2460
-3312
-498
-4825
-4021
-4641
-4930
-688
-1092
-16
-937
-4206
-4912
-1562
-123
-3992
-3107
-895
-3479
-544
29
-58
-3550
-3693
-4850
-2165
-1536
17
-2907
-1269
-2958
-3292
-1053
-2625
-1476
-538
253
-683
-511
-4369
-74
-1125
423
-4660
-1033
-4027
-4192
-593
-1505
-3974
-81
-4104
-4957
-2541
-3769
-2767
-2241
-1566
-4951
-2432
-1507
-1421
-2063
-2212
-312
-63
-1566
-921
-269
8
-746
-190
-2347
-2102
-900
-443
-2577
-176
-2153
-2632
-123
-2874
-3945
-2937
-129
153
-511
-4881
-4432
-1177
-2189
-4143
-2719
-3856
-3552
-2689
-2406
-1292
-2730
-3646
-109
-1632
-3564
277
-4838
454
-4728
-1899
207
-4898
-429
-2110
-1956
-4371
-106
-106
-2944
-3926
-1798
-3018
-4376
-4684
-3719
-434
-1985
-1117
-1512
-303
491
-2466
-751
-1376
-2874
-3102
-2877
-4304
-3050
-3910
-3346
183
-3240
-687
-1533
372
-1968
-1046
-2648
-3315
-602
-1550
-4058
-2074
-3509
486
-1032
-3902
-3209
-4478
-712
-211
-4472
-1579
-1720
-4357
-3470
-3010
-4188
-260
-138
-2603
-3905
-2014
-202
-1698
-2837
-3008
-3165
-3525
-4913
-2165
-4873
-3065
-781
-2701
-790
-384
-4195
-3103
-340
-297
-1764
-4025
-2895
-2312
-2385
-377
-2849
-94
-4647
-4642
-33
-4544
-1454
-605
-4745
-2419
-4972
322
-1475
-4261
214
-3094
-970
426
-4903
157
-2650
-3763
-2302
-3084
-2678
-306
-170
-1500
-1102
-1038
-651
-3052
-4868
-3977
403
-2912
-3395
163
-819
-3830
-4907
-2309
-947
-2374
-3267
-3622
-4194
-4551
-1370
-4468
381
-2188
-2583
-3266
240
-121
-3398
-2773
13
-3604
-36
-4576
-139
-85
-4167
124
-4226
-1746
-1606
226
-3167
-80
-4019
-1694
-4153
-1383
-2021
-2999
-1775
152
178
-840
-4465
-2886
-1936
-2315
-3579
-1622
-3502
-3762
-1343
-1658
-4088
15
-1618
-1672
-4228
-3842
-1929
-4787
-4783
-3329
-1537
-2389
-3294
-3320
-3119
-4315
-777
-603
-3921
-2307
-649
-3103
-3846
-4740
183
-1832
-551
-3188
-4720
-3706
-3780
383
-4467
-3746
-1324
-3103
-2858
401
-3957
303
-3113
-388
-3738
-2903
-4900
-1333
-2642
-2879
-4656
-4361
-714
-2193
-2215
-1020
-223
-3055
462
-3643
-1045
-3634
168
81
-1493
-1942
-4747
-3319
-4677
-548
-3948
-176
-1326
-613
-2492
-1168
-3519
-4093
-4174
-4934
-699
-1813
-680
-964
-2072
-2122
-3895
-851
-3435
-3611
-568
-4520
-1632
-3268
-4991
-3581
-2878
-4930
-4808
325
-3045
-4474
-290
-3496
-1132
-1100
121
-383
-3507
-4963
-1723
-1884
-3363
-296
-3125
-1797
-3234
-4563
-4981
-1816
-4529
-4013
-690
-429
-3384
79
-2117
-1290
-3110
-3337
-4843
-2161
-4298
-1772
-4351
-2063
-177
-924
-1159
-881
-1908
226
-1927
-4811
-4878
-1323
-2906
-4996
-3983
-1145
-3491
-2235
-3252
-3952
-3500
-3486
-4144
-1452
-4194
478
-4314
-3301
-1947
-1803
-1053
-2397
-171
-4408
-666
-798
-2133
-3207
-208
-4725
-1414
-3629
-4011
-2949
231
-1506
-356
-2242
-1934
-879
-1897
-1291
-2272
-3407
-4887
-4895
-4224
-4415
-3515
-4636
-169
-4069
-1101
-4192
341
-610
-223
-4251
-1203
-852
-767
-4355
-3227
-1123
-685
-3573
-2859
-3536
-2899
-2637
101
-1104
-2671
-1037
-3947
-3016
85
-3754
-210
-3374
-216
-4510
66
-2329
173
-4925
-3967
-4835
-1543
-1221
-3017
-450
30
-4110
-2076
-2445
-4800
-2095
-2805
-715
-2771
-1204
-2433
-612
-3449
-4975
-4124
-4523
-4061
-3
-2894
-143
-186
-1349
-326
-518
-4036
239
-134
242
-741
58
338
-2434
-2545
-3375
-1884
-2174
-3929
-2438
-730
64
20
368
-3475
-4855
-4863
-4149
-982
-190
-2469
-3339
-2780
-11
-1093
-3540
-1498
-873
-1155
-2839
-1676
-843
-857
-3082
-4963
-1973
-1499
-4206
-3816
-247
-133
-4194
-521
-2554
-4510
-2288
-1002
-3641
-3669
264
-3988
-343
-1672
120
-2704
-4388
-330
-2758
74
-2904
-1447
34
-3380
-695
485
-1869
-4804
-245
-1388
-4944
410
-3528
-3052
-4711
-2686
446
-3340
-320
-3758
-4621
-3714
-4517
-4091
226
-614
141
-180
-2931
-3018
-2315
-4545
-4130
-1393
-3751
-3021
-4767
-2518
-1860
-3901
-4643
-2326
-4609
-4238
-2213
-1861
-4844
-87
340
-4269
-1587
-4585
-4510
-1681
-515
-459
-421
-2686
-2079
-2059
-3631
4
-1396
-1507
-4222
-2391
-561
-2067
-3517
-1751
-4791
-308
-4778
-4961
-1906
-953
-2439
-2870
-2780
-3493
-4749
-2012
-3883
-4952
-2994
-2986
-2870
-346
-4862
-4756
-1111
-4968
-75
400
-1136
-4428
-2533
-4389
-2602
283
-940
-1060
-2528
-4294
-2914
-2831
-1952
-1754
-599
-573
-898
-4396
-1138
-3384
-206
-1904
207
-1835
-2780
-792
-3136
315
-3003
-651
-3165
-1050
-2901
269
-2306
-1567
-856
123
-4041
-2975
-3002
-4773
-3851
-592
-2656
-1645
-4715
-25
-1206
-3997
-1894
-1693
-836
-4066
-778
-340
-1085
-4376
-2833
-1022
-4915
-785
-4076
-3970
-1284
-3352
-403
-356
-1306
-2144
-4771
-2532
-3503
-37
-2320
-2672
-42
-2490
-2701
-295
-2893
-2900
-387
-46
-127
35
-4642
-520
-4135
-1073
-165
-3496
-650
-1942
-4605
-1536
-1453
-3778
-2245
-2085
-3776
-3186
-3579
-4401
129
-421
-2283
-2892
-2686
-2502
-751
-4933
-1758
269
-4719
-2513
-4202
-2594
-2720
-3659
-1082
-4944
88
166
-4509
-4199
-178
-1164
-2179
-673
476
-126
-174
-4801
-3064
-4000
-3749
-1495
-2508
-4427
-435
-3427
-4927
-4021
-1203
-3356
-814
-2197
-4437
-447
-494
-4924
-3589
-3826
-1101
-372
-1110
-1221
-2962
-2929
158
-3608
-599
-4279
-499
-3753
-3416
149
-3701
7
-2363
-2004
-2933
-195
236
-2541
-4384
-1703
-3499
-3623
-1299
-3501
-2083
-4139
-2619
-3411
-3851
-116
-4969
-2007
-4252
-3727
132
-1856
-4767
-838
-547
-2490
-4058
-2138
-3068
-3360
-4085
-4176
-3210
-3999
-1671
-1454
-3261
-4163
-4759
-1622
-4718
-512
-4883
-2326
-1630
325
-862
-1286
-817
-387
-81
-2844
-3527
-2298
-3539
-4458
-135
-2438
101
-2712
-1329
-3522
-4046
-2589
386
-2099
-4933
-2998
-847
-4707
-2312
-1812
-3760
-72
-2942
255
-4710
-60
-1134
-1779
-1318
-2685
-503
-1780
-3746
-3071
428
-4204
-2543
-4612
-4863
-841
-3203
-3995
-315
-3385
-2587
-3783
-4656
-2139
79
-3415
-2911
-1921
-115
-2506
-684
-3650
-4002
-2587
-4628
392
-3689
445
-853
-4025
-2083
-3267
-2622
-758
-333
-2756
-2394
-4752
166
-4767
276
98
-2241
-2338
-1864
-600
-2892
-2064
-4253
-2381
-648
-3390
-476
-2982
-3604
-4140
-479
-3157
-1904
-4643
-3516
-646
-3451
-3923
-4230
-1076
-2165
-1280
-3121
-2046
-2439
-3341
-4351
-4189
-174
-930
-4903
389
121
-4719
-4206
-3099
-371
-648
-1611
-2656
-835
-3026
-845
-4304
-4804
-2667
-4319
-2282
-1793
-3228
-3488
-2385
-2303
-192
-2650
404
-3381
-3311
-401
-4957
-3277
-759
-2493
-2879
-3865
-965
-1512
-1006
-912
-3061
-57
-1764
-2228
-4212
-96
-488
-3098
-194
-93
-3761
-4222
-241
-276
-1930
-2951
-2538
-2313
-1788
400
-706
-3003
-1768
240
-28
-3014
-871
-3303
-3394
-900
-4246
-3811
-1881
-1211
-4515
-2116
-2243
-2526
-4315
-2040
480
-4148
-3849
-1345
-1182
-1174
-4706
-4660
-2276
-4265
-2096
-702
-3179
-3543
-988
-770
-4508
-2753
-3097
-4851
-803
-2772
-3184
187
-4196
-1977
-1780
-716
-4104
-1519
-1604
-956
-4128
-3751
-1888
-4729
186
-689
169
-4124
-3520
-792
-730
-4523
-3120
-669
-4094
-709
-1847
-2917
-4691
-2963
-1093
-311
-3380
-1529
-1253
-1731
-2363
-4800
-4046
-3401
-4913
-3263
-402
-4681
197
-3332
-1610
-211
-3962
-709
-4338
334
-113
-233
100
-3298
-949
-4928
-735
-913
-530
138
-3214
-4640
372
-2413
-3078
-743
-4170
-2495
-3853
-1029
-3979
-4169
-2673
-2894
-2279
-1379
-2042
499
-1926
-3485
-4220
-3910
-225
-3430
-3822
-3214
-650
-2357
-4588
-3076
-3240
-1076
-3512
-3533
-4948
-2620
-1716
-4703
300
-1262
-57
-3203
-1401
-4856
-2493
-4909
-270
-4422
-3736
-4635
-4194
-877
-4270
-286
-3954
-2124
-3961
-4050
-3762
-568
-292
60
-2679
-4636
-3834
-2492
-2747
-4787
-2143
-1049
-4467
-299
-1914
-572
-1444
-439
-171
-1912
-1795
-1484
-1145
-1172
-3231
57
-3940
-8
-901
-4097
-3095
-4305
-2350
256
-2107
-1450
-3905
-4762
-3262
-970
-1015
-4162
-60
-1655
-1882
-4862
-273
-5
-4458
-2400
-278
-1008
-2688
-1798
-4669
424
307
-1510
-4801
-174
-4181
-4370
274
-1970
-2897
-2730
-3598
-1403
-227
-418
-3772
-4178
-2698
-677
-3547
-4726
-49
-1864
-1975
-1552
-3881
-382
-3074
-4123
-2022
-2918
-4998
-3770
-4814
-2743
-4608
-2904
-3829
-3278
-1326
-1222
204
-2984
-3140
-1471
330
-2993
-711
-1316
-1765
-1438
-180
-1396
-1207
-2638
-591
-2780
-4112
-4380
-2981
-3880
-2386
-4891
-2466
-3718
-396
-1918
-1558
-1607
-4435
-2524
-2531
-3206
-1207
115
-865
-123
-687
-1781
-2897
-543
-3701
-1544
-3159
-1777
-917
-2022
-2739
-3870
-3775
-2841
-2319
-691
-1542
-1184
-2882
-4260
-1129
-2004
-746
-4128
-176
-4598
-801
-2529
-489
-4522
-2728
-486
-2822
-451
-2872
-3498
-3413
-619
-646
-3937
12
-1435
-3016
-514
118
-1029
-131
-1238
-328
-4751
-417
-2492
-2247
-3631
-4787
-4924
-2559
-2982
-1268
-3045
-3125
-2938
-2671
-3385
-3504
-966
-3138
229
-2925
-1523
-2728
-3100
-3607
-2793
-1254
-4058
-2733
-3104
-3150
-2753
-4617
-2800
-2709
-3545
-1175
186
-3104
-1279
-4389
-614
-554
-3182
-2131
-3678
-579
-4646
-1218
-2277
-3527
-3620
-706
-2240
399
-788
-4029
31
-4241
-3030
-2005
-4185
-4744
-2162
-1873
-915
-4155
-4422
-4094
-4529
-4446
-464
-2408
-154
-2365
-3916
-4333
-697
-3355
-505
258
-3040
-2075
-2783
-3521
-4120
-184
-703
-3858
-4714
-2131
-2238
-130
-2780
-3509
-399
-4238
-1959
-4481
-4063
-773
-720
-4089
-625
-4496
-1058
-1740
-542
-2718
-1949
-3807
447
-3765
-890
-4118
-2018
-4467
-186
-3294
-2243
-1001
304
-4464
-2431
-3367
-3041
-3262
-3791
-1818
-3798
-4346
-1603
-3363
-523
-1016
-2103
-4380
-128
-4545
-2330
-1987
-3024
-2772
-4512
-3814
-2700
-2494
-1965
-4040
-1891
-1387
-4157
-4409
94
-2375
-1391
-22
-4357
301
-1890
-1789
-4172
452
-1956
-2677
-4324
-3979
-1290
-2343
114
-856
-2705
-148
-1747
-3637
466
-1145
193
-2416
-347
-815
-2923
-3649
-2371
-3165
-2316
-4958
-973
-1387
-825
250
-851
-3251
-3974
-1760
-347
-3257
400
-4635
-3986
-164
-2560
231
-3512
-408
-1607
-368
155
-750
468
-4741
-1613
-4394
-1847
-3725
-1526
-574
-1245
-361
-254
-937
-4182
184
-277
312
-468
-4131
302
-1884
-4861
-436
-3701
-4478
-1168
-1533
105
-1295
-2753
-4640
-2449
-4434
-1983
-2972
-3364
-1655
-3413
-1468
-732
-2681
-3631
-2169
-986
-849
-146
-2558
-2217
-3583
-1232
-3803
-2370
-2188
-2708
-4708
-4454
-1299
-866
-3576
-1289
-2216
-3053
391
-2364
-4798
-251
-1848
-1892
-4722
-2735
-1656
119
-3590
-61
-2726
-4648
375
-4879
-282
-1166
216
-3923
-1805
-340
-4431
-4318
-1534
-2546
-629
-2876
-339
-4146
-1778
-621
-4920
-2079
-1325
-1332
-3281
-3770
-1592
184
-1972
-1618
-1445
-1342
-3669
-3377
-27
-3017
-4033
-2271
-540
-3884
-2925
-648
-4450
-4938
-2801
369
-476
-4258
-1375
344
-4231
-2142
-2226
-2759
-1394
18
-3680
-1255
-1919
-435
-3545
-2654
-1823
-3582
-2376
-123
-4142
-955
-1868
-1853
-1717
-248
485
-2918
-877
-2196
-2604
-3029
166
-1528
-3098
-347
-888
-832
144
-1144
-691
-4264
-1172
-1699
-1412
-41
-1380
-784
-3833
-2344
-3878
-4893
-3553
-3115
-540
-1030
-3416
-186
-629
372
-4493
-3095
-3518
-3319
-193
-3190
-1475
-1918
-2545
-3635
-2224
-2455
-4832
-4677
-3879
-266
-709
-3821
-1050
-3993
-2030
425
-564
-3335
-1995
-4207
-1465
37
-4921
-3656
-1167
100
-4387
-2434
-2345
362
-2409
438
-2137
-2317
90
-4722
-496
229
-4914
-1269
-3441
-3137
-1135
425
-1339
-115
-3775
-2516
-164
-2936
-2318
-4191
-670
-1701
-3591
-2987
-797
-3362
461
-4578
-3095
-965
-860
-2697
-1888
-4809
-2713
-4094
-535
-4497
-1655
-4347
-3881
427
-4723
-722
-514
-2836
-2972
-3629
265
-3363
-2185
-4245
-1928
-3148
325
-3253
-2056
-2007
-4294
-3811
-1319
230
-2238
-4004
-1991
-3677
-1007
-3428
-4955
-154
-1832
-3744
-4413
-1267
-1720
-647
-1986
-156
-1439
-936
-3154
-3664
-1121
-4925
-1047
-1249
-3624
-1415
-4916
-680
44
-2959
-1882
-2112
179
-3799
-1206
-3039
-4663
-701
-3315
-2104
205
-1645
-1982
-258
-2658
-1189
-1954
-1050
-4036
-2823
-1917
-1831
-3269
66
-3332
-3617
-4119
-4631
-495
-2575
-4528
-683
-954
-4715
-687
-3821
-4202
-3077
-3990
-3668
-1175
-2983
-4103
343
-2722
-3407
-4713
-933
-3172
-1835
-734
-3052
-3056
-2831
354
-2694
10
-1473
-2599
-2381
-2187
-4046
120
-124
-2546
-3550
491
-3280
-2433
-2172
-3802
-1169
276
-3052
-1526
-1286
110
-1989
-2610
-504
28
-1670
-4509
-749
-2298
-2009
-4352
-3202
-3273
-614
-416
-1029
-1725
-4365
-3037
-2391
-4945
322
435
-3546
-2822
303
245
-4539
442
-3426
-4536
-1337
-1994
-4253
-4331
-854
-367
-1797
-1780
-2592
-120
358
-4231
-3716
-3103
-3564
-773
-3127
-2755
-549
-3080
-3953
-3302
-1873
-1621
-3754
359
-4848
-1513
-1832
-2277
-3214
-1116
-975
-2008
-1480
-2197
-1477
-2093
-3339
164
-1096
-1230
-421
-465
-3082
-2231
271
246
-4826
-1512
-3634
-4307
-4999
196
-341
-1919
-1287
-4213
59
240
-3089
418
-2247
-422
-1720
439
-3817
-3010
-2770
-4545
-3632
-2781
450
-4924
-3191
-2350
348
-423
-3989
-1580
-187
-2400
-188
-1754
-4321
-4819
-3065
-1137
36
-1627
-4213
-31
-4236
-3302
-3077
-2187
-3087
-3998
-4924
-17
-2806
-914
-3832
-3818
202
-2879
-524
85
-2824
-3894
-2821
-2342
-4061
200
-3084
-3039
-182
-4399
-4499
-3665
-519
-1230
-3857
-2709
243
-283
-667
-609
-4014
-3371
-769
-3147
-4912
37
-812
-4217
-4967
-3712
-2624
-1284
430
-1346
-928
-4124
-2065
-528
-2752
-2898
-4809
-4286
-2319
-2708
-3548
-2477
-2222
-1019
-946
-3895
-2590
343
-400
-2351
-2899
-896
-2430
-2846
-1055
-600
-228
-1447
-182
-1197
-2057
-1371
-3236
302
29
-2801
-1798
-3043
-2380
-4554
-2363
-1380
-1863
-1649
-4927
-2049
-4735
-4748
237
-1315
-1431
-3823
426
-4656
-4612
-3241
422
-2879
-1583
-3192
-2698
-2546
-298
-4628
-1997
-119
-1387
-2549
-1762
-2300
-3352
-3931
-942
-2002
-2330
-1759
-4368
-1130
-4012
-3675
-822
-1582
-4253
-1072
-2482
-1366
-2849
-3830
-1452
-3020
-4514
-645
-3777
-4764
-213
-4853
-290
-1756
-3376
-4314
-1379
-4945
-295
-1970
477
-4846
-1763
-1192
-4942
-4257
-603
-1101
-3714
-4190
-3756
-1031
-4395
-3675
-2420
-4895
-4945
-4038
31
-1348
-1202
-195
373
-1787
-2908
-1769
-4888
28
-4659
84
-2990
165
-3488
93
-2172
-3273
-2263
-1172
-388
-850
-3402
-682
-3475
-2964
-2415
-1535
-1195
-1539
-212
-105
-2887
-3572
-4539
-558
-4006
-4394
330
-4049
-3575
-476
-4305
-1531
-1497
-4453
251
-4252
-13
-2864
-1519
-1666
-3562
-2528
-1821
-404
-4106
-2878
-1412
-2221
-3884
387
-1586
-3226
-4290
-1905
-1742
-3270
-3427
-1430
-3997
-3888
-2699
-1463
-1382
-631
-1267
-251
-4302
-2607
-4201
-3291
-2033
-989
-3944
-4131
45
-2100
-356
-3442
-1702
-453
-1763
-4004
454
-2477
-1115
59
-3260
395
-4468
-2622
-891
-1406
435
137
-3333
-3656
-541
-1779
-277
-1417
-2647
-3536
422
-1580
-3022
372
-2607
-2467
-598
-685
-2408
-1057
-1238
-1056
-4679
-234
-3965
-39
-4773
-2846
-1750
-1892
-4289
-4219
-127
-2169
-215
-3507
-33
-2756
-1618
-4292
-176
-3319
476
-4548
-1985
377
-2640
-4295
-1123
-2922
-292
-3657
-1698
-4768
-2320
-1527
-4284
-3836
36
21
-4804
-2447
-1437
-388
103
-3748
-4006
-1368
-3456
152
-840
-4955
-124
79
-2772
-4658
-3327
-2512
-3680
-3902
-663
-4986
-9
-4417
-2975
-2512
-4384
-2465
84
-3988
-4744
-1395
-4415
484
-3372
-4048
-4254
-840
309
-3991
-1373
-4906
-3340
-1010
221
-4127
-2649
-3677
-1552
-1097
-1832
205
-2980
-435
-3461
-2757
-4447
-2627
-158
-1718
-3768
-1942
-4825
-2779
-1850
-3577
-3050
437
-661
-369
-94
-522
377
-3124
-4342
-4534
-1182
-3498
-2189
-3850
-3468
-3045
-3690
-76
-302
-4077
-1064
-1735
-940
-1639
-3474
-2710
-2937
-597
-3553
26
-4923
-2469
-3601
-3105
200
-522
-3788
-1164
41
-2548
-2116
-657
-478
-2948
-2382
-829
-3904
-2411
-1005
-538
-2799
-1382
-3020
-1212
-2966
-4488
-2805
-4057
-2812
-3685
-3877
-2899
-3619
-1234
-1517
-2485
-1785
-3873
-3776
-4107
-2477
-3877
-3791
-1877
-3427
-4695
-4321
-1903
-3097
-4168
-4827
-3741
-1968
-4074
-1806
-1351
-2729
-4872
345
-4893
-2946
-2714
-4967
-826
-771
-2676
-1178
-3388
-318
-3457
-290
-4111
-3685
-3393
-1759
-1619
-2302
-1775
-146
-2312
351
-4841
-1182
-1955
-1984
34
21
-3820
-232
163
-1515
-798
-4873
-1463
-3910
-333
-203
-2988
-4548
-4841
-1329
-458
-3721
-393
-1714
-2071
-4341
-2326
-1872
-3292
-1133
-932
-1571
-2231
-1354
-485
-3691
-3752
-1253
-2298
-4195
-3131
-2944
-805
-437
-694
-1990
-2893
-4541
-938
-4135
-1508
-4223
-244
123
-86
-1308
-150
-2538
-997
-1381
-92
399
25
-1097
-2254
-2690
-2296
-3644
-1430
-2994
-655
-4641
-4091
-941
-2390
143
-222
-3532
-4992
-2411
-1681
-4658
-3836
266
-4774
-3903
-1944
-641
-943
-4580
-3387
-1103
-2271
-2903
-2023
262
-3157
-3550
-302
-3263
-3344
-2378
-529
-884
-1479
-3552
-3716
-3297
-1101
-1582
-474
-4175
-1472
-1327
-1678
-1574
-3505
-4879
-3598
-4357
-2335
-3647
-3008
-643
-1679
-2745
-931
-2138
-4865
-4359
-1744
-656
-2181
26
-3699
-394
156
-3361
-1668
-3249
370
-66
-2904
-2554
-3939
-4055
-273
-1911
-4909
-2942
-3057
-219
-4004
-743
-4406
-1828
-4041
-3852
-1789
-3593
-4623
-4018
-317
-4769
-2711
-3580
-4519
-4301
416
-4984
-603
-2523
-4430
-2097
-1408
-4545
-2459
-4967
-2834
-2173
-2360
-149
-3254
-2883
-3987
-1544
-4411
-1752
90
-3605
286
-4994
-2219
-1299
-1194
-1595
-2196
-4372
279
-2858
-1646
-4386
-2360
-2136
-1434
71
-3183
-2400
-356
-2393
-1530
-4331
-3829
-2392
-1929
-230
-4546
394
-1071
-3100
-3256
-3049
-4860
-4717
-3943
-4220
-1382
228
-1782
-1374
-2425
-745
-2507
-3110
-131
-1729
255
-3654
-3944
-1326
-3416
-2008
-3816
-1666
-3894
-1584
-1628
-4098
-480
-2843
-1156
-693
-454
-2154
-4076
-986
-822
-414
-4440
-2186
-3060
-1237
-389
-2178
-1945
-4419
-98
-1945
-4081
-3911
-2729
-3861
-343
-2084
-2749
-1301
-2168
-1485
210
-3323
-3067
-2563
-4594
-128
-2230
-1931
-916
-4381
-351
-302
-3178
-705
-154
214
-2366
-2668
-4434
241
-4896
-4293
-4278
-1112
-2315
-4764
-2895
-2192
-715
-2913
-824
204
-2727
398
-179
-2409
-2252
-1764
-2381
-4798
-3580
217
-1993
-872
-3116
-4258
-4076
-3696
-3891
-2902
-4655
-3520
-3771
-694
298
-3029
-2226
-3968
-3628
-798
-1289
-2991
-4852
-3741
-3475
-3361
128
-1084
74
-794
-2959
-865
-2975
-2670
-3094
-2100
-2728
-2521
-800
-4726
-3503
-2068
-3360
-390
-3361
-4398
-3205
-2072
-2486
-815
-819
-1858
-2524
-1297
-1127
28
-4398
-4525
-2042
-4328
-4284
-1247
27
-1641
-270
-912
-3709
-60
-2358
-4035
-4322
47
-3307
-4213
-2098
-3485
-304
-4403
-215
-308
482
-3416
-3832
-2151
-779
-2038
-4955
-1650
194
-961
-1985
-3875
-2623
-274
-402
-550
-214
-3492
-1800
-3564
-1259
-4581
-1767
-1994
-3682
-1242
-1082
-1575
-3479
-3934
-2533
-4443
-865
-3133
-4042
-3736
-4613
486
-105
-2911
201
207
-2350
-1404
-409
-4657
-506
-2757
-4265
55
-735
-1035
-2864
-432
431
-377
-4869
151
-4012
-4886
-930
-4519
-195
-3633
-4471
473
-223
-2117
-1840
-3468
-4917
-2699
-2108
-835
-3683
-1920
-2475
-535
-4315
-4157
-2718
-2180
-1699
-4332
-1919
-1045
-3416
304
-1125
368
-450
-2692
-2217
437
-2480
-32
-1276
-3606
-1101
-500
-2477
-3231
-1160
-3981
111
34
-2554
-4960
-1628
-3374
-873
-1843
-4209
-1146
-1281
-3768
-2427
-1569
-4825
-358
-4346
-3103
-4257
-659
-1593
-1436
-449
-3952
-4899
-2500
-61
-2012
-2981
-4517
204
-1012
-3726
-4566
-1094
-1620
-1015
-1252
-3829
-3414
-1501
-4602
-3285
-830
376
-130
-3190
-393
-3481
-778
-676
-33
-2349
-4034
-3883
-3409
-2345
-4394
-2604
-4938
-3597
-2277
-399
-1771
-98
-631
-3092
200
-1418
-429
-3857
-1594
-1186
-4975
-1648
-4102
-4682
359
-4226
212
-4068
-3117
-1679
-4921
-2849
-4983
-1987
-2801
-4849
-4383
-2231
-647
-3667
-1345
-2598
-3813
-2979
-2456
-4138
-3264
-1861
-1219
-4907
-2908
-3551
-891
-1014
-163
-3273
-1127
-4333
-429
-1888
-1512
-3042
-2144
-3411
-2815
-3299
332
-4919
-3
-1612
-2713
-1931
-2773
18
-116
475
-1600
-4710
-4326
-184
84
-1116
-4752
-4045
-1277
-2119
138
436
-2767
-3995
-3651
-3868
-3831
-4386
-423
-4762
-599
-2204
-1818
-2922
-4752
-2714
-990
-459
-521
-1993
-4483
-2353
-1637
-4243
-2894
-3135
-4123
-4475
-3520
-2725
-4561
-1009
228
-1333
-4937
387
0
-3481
-4284
-4025
-3081
-3025
-3921
-3403
-2557
-1432
-4874
-1028
-328
-824
-316
-1929
-2954
-2136
-639
-1173
-1133
-3733
-442
-2219
-4022
-4737
-3908
-2215
-802
-906
-2703
-1523
-4251
-2556
-2646
-1098
-1035
-1372
-4370
-3621
411
-3662
-1853
322
-207
-1244
-4564
18
90
-637
-2647
-636
-815
207
-3117
-1722
465
-1138
-462
-1014
-1860
491
-807
-2677
-3778
-1745
372
-932
-3576
-2742
-2841
133
-3529
-3028
-2582
-3828
-4453
-4269
-2636
-1615
-406
-1047
-1405
-1317
-3792
-3402
-1980
-1760
-1417
-2
-1113
-2931
-2398
-441
-941
-4801
468
203
-709
331
-1607
-861
-2613
-2829
-1568
-1748
-617
-65
-2274
-4572
-1962
-1572
-4205
-2160
-1865
-3439
-4265
-4901
-3787
-4085
-3912
-4376
-366
-4295
-1376
-1630
-1734
-3490
-3704
-1800
-1563
-995
113
-1734
-4357
-4002
-2132
-1719
-327
332
-4971
154
-973
-3527
-74
-3360
-3085
374
-3734
-4008
-1736
-4714
-211
-2542
-2316
-4329
29
-2535
-1684
-3933
88
-4127
-3532
-167
-3168
-2061
-608
-2249
-4094
-396
-3434
-1828
-2865
-2215
-1348
-3408
-790
-2788
-1479
-292
-411
-1539
-2773
-3397
87
-1847
-4867
-2219
-2175
-2610
-4911
-2433
77
-3638
-173
-1888
-720
-4153
-3084
-1399
-4552
-4151
-4972
78
-1690
-423
-98
-2728
-3136
-4410
-4861
-2115
-2887
-538
-4595
-2142
-3934
-3578
-3099
-2829
-2687
-2171
-1519
-968
-4973
-3514
207
-3641
-1495
-384
-3467
-1531
-2383
293
-3472
-3839
-1799
-175
-2155
-413
-2550
-2580
-328
-1873
-1270
-457
-3841
-2791
-3409
-4530
-1013
302
-1666
-3609
-1951
-1047
-2075
-2802
-2427
-618
-1770
-3736
-437
-1549
-2610
-2120
-1403
-1220
-3117
-1190
-2547
-3261
-4298
-3236
-3123
-1792
-3043
-4759
-4062
-4413
-1270
-3441
-965
-3101
-2602
-2217
-176
-4598
-2974
-4077
-825
-482
-1763
-946
105
-2799
-1984
-4949
-1000
-580
-2154
-1768
244
-37
-96
-609
-1970
-2004
-3574
-4885
-3923
441
-2084
479
-3188
-818
-661
-4184
79
329
-1995
-2471
-376
-2136
-4641
-2250
-2383
-3153
-2478
-1874
-4371
-453
-312
-3723
-2218
-2634
-3398
-913
-1820
211
-1073
-4948
-1541
-3009
-2758
-3457
-4289
158
-1659
473
-2950
-4717
-4609
-3014
-1278
-843
-2009
-2446
-557
-3955
-4493
-3345
-998
-1518
-3032
-3339
-3888
-2983
-1274
-3033
-2636
-401
-1288
-1641
-4345
-2673
-1508
-3540
-86
-1112
-2080
-469
-1484
-1434
-1162
-3933
-4094
-1420
392
-4461
437
-2919
-3160
-1646
75
-665
-88
-2094
47
-3632
-489
-3669
-830
-4606
-4096
-2631
-4201
-1273
-656
-510
-3396
-109
-2370
-4326
-2207
203
-2456
-4991
91
-3462
101
-1989
-4624
-4120
-3720
-3946
-3007
-3750
-4486
203
-2349
-3015
-3696
-4328
-1670
-882
-3377
-2413
-2316
-4463
426
-2754
-3043
-545
-3978
-3878
-235
-2886
-171
-2215
-2842
-4835
-173
-78
308
-646
494
-4331
-215
-4786
202
-1232
-3016
-1860
-2956
-4090
-2037
-618
-1395
-589
-4241
-4492
-798
-2163
328
-1486
-3758
-3718
-4605
-1114
392
-3491
-48
-1665
-4546
-1990
-1099
-3727
-3228
-3121
-1223
-4993
-2472
-4040
-4928
-3471
-984
-4150
-4567
-1214
-1940
-4803
-1484
-4940
-4187
-1562
-4666
-4379
-1080
490
-213
-1230
-1512
-31
-1119
-4380
-835
-3957
-788
-3460
-2235
-4964
-4178
-747
-838
-3223
-4879
-2925
-3605
-4378
-15
-1477
-267
-3941
-4511
493
-348
-1406
-3739
-1763
-2005
-109
-2612
-3068
-2021
-4959
-1466
-282
-507
-2991
-4910
-4980
-780
-326
-3722
-25
-1365
-474
478
-928
-887
-4916
-2018
-3894
-3557
-3245
317
-2226
-3204
435
-2649
-446
-261
-1667
-1211
-1404
-4291
-2715
-3746
-2226
-1306
-2396
-3008
-3406
-4448
-2217
-1800
-2027
-3198
-3276
-426
-3516
-2503
-3284
-3900
-3742
-3001
-4062
-4723
-3705
-1091
-2141
-851
-2714
-3787
-3929
221
-3262
-1571
-65
-4392
-2410
-622
-37
-333
-2792
225
-2224
398
317
-1021
-213
-4685
-4476
-2243
-2513
-3141
-963
-4841
-2325
-2629
-3799
-1799
-2864
-1935
-3084
-4812
-3031
-1544
-4426
220
50
-592
47
-824
-3552
17
-2463
-975
-3657
-2363
-1420
-4602
-320
-1149
-255
-3583
-130
-3338
-874
-1139
76
-1165
-808
-382
-4738
-4147
-4477
221
-1130
-783
-4730
-3988
-1711
80
-809
-2756
-716
-2975
-4321
-3866
-1103
-2898
-1343
-3287
-2426
-3690
-2136
-2135
-3159
30
-4189
-2557
-4467
-3361
-239
-1994
-164
-3801
-1149
-3149
-3641
-40
-2259
-2301
-3975
-1140
-1126
-3109
48
-3469
-3402
-3662
-2408
-4907
-1296
-1082
-3226
-4525
-2738
-1883
-4400
-3035
-359
-2844
499
-4124
-1133
-810
-2903
-1379
494
-3879
-3665
-407
-741
-2114
-4701
-95
-825
-3007
-2186
-708
-4304
-3357
-2221
220
-603
-320
-3467
218
-939
-2107
-3016
-4057
-1592
-1935
-4917
-3842
-4140
-1096
-4227
-1820
-1483
-1666
-3523
-3761
-76
-678
-3859
-2485
-2997
-2559
-3451
-3518
-4576
-4171
-2027
-3105
-1685
-4912
-4986
-3874
-3015
352
-2807
-4936
-623
-985
-308
-2322
497
-2409
-512
484
-963
-3875
-1206
-4404
-324
-1664
-1802
-1220
-3975
-1500
281
-442
-3263
-4885
-1530
-353
-4985
-4128
-3912
-3091
-2811
-1278
-336
-1256
-2735
-3046
-3029
-2915
-1945
-4684
-563
-272
-3759
474
-1525
-432
-859
-3919
-2082
-1637
115
-3099
-4767
-4609
-1159
-1173
-1032
-678
-3206
-3620
-1266
-259
-9
-3311
-1147
-4559
-2990
-3060
-2231
-32
-4407
-2300
-1987
-4710
-1782
-731
-4576
-2516
66
-3564
-3113
-1319
-4906
-4336
-1635
-3677
-4048
-1962
226
-1619
-1928
-1678
82
-1162
-1261
-1541
-4387
-3646
-1803
-1461
-1678
90
-2267
-420
-3160
-301
-4622
-397
-4880
-654
-2051
-3252
-3958
315
-3273
-65
-4393
-1615
-4029
-2785
-3084
416
-2376
-3945
-3075
-4737
-3684
-1179
-1487
-456
-2963
-2477
-4128
97
-2930
-4773
423
-3555
-885
-349
-4297
-2517
-2034
-3866
-2142
-2857
-1206
-2143
234
-393
77
-1622
-2430
-3931
-3439
-4926
-2390
-1964
-3538
-4493
-655
491
41
-1038
-1789
-1742
162
-4140
453
-3442
490
-233
-2233
-4591
-3777
-1892
-14
-3291
-520
-1937
49
-1713
-115
-123
-220
-754
-2864
-3605
-3055
381
-1291
-4005
-4634
-1381
80
-462
-4302
-304
-4495
-2371
-2596
-2663
-2168
-1076
-3990
-3126
-3378
-727
-3407
-4478
-2189
-996
-1254
-1809
-2858
349
298
-2101
-1399
-3402
-3972
-3447
-3452
-939
-1529
-2936
-4046
-3683
-756
-3140
-2894
225
-2807
-3184
-4833
-4645
-2281
-4136
-2868
-654
-817
-2131
-1216
-1923
-4596
-2523
-806
-1841
322
-1320
-1439
-31
-1123
-4526
-3227
-2167
-3656
-800
-2428
-3980
-2286
-1109
-2074
-1702
-2541
-2529
-1633
-355
-2016
-3795
-3170
-4541
-3205
-4096
-3761
-3748
449
-4423
-199
-542
-1427
-4626
-4277
-3514
-2823
-1700
163
-3033
-470
364
-2730
-1453
-167
383
-575
-1867
158
-4950
-996
-4229
-3529
-2398
-1228
-3367
-4325
-3163
-4676
-4692
-2581
-3145
-4216
-4705
-4119
-1869
-454
109
-3723
-4209
-2246
-4031
-978
-1287
-231
-4839
-2505
-4540
-3180
-3071
-3841
-2651
147
-4361
-4188
-2778
-3277
-1215
16
-609
341
-3175
-677
-3648
-575
-3936
473
-1906
-976
-1181
-378
-4866
-2011
-1176
-2302
145
-4348
-1059
-3517
-4621
-153
-464
-4718
-813
281
-615
-4384
-251
487
-20
-1243
-112
-1975
-3744
-1729
-2582
-2643
-2612
-1620
-1231
-3382
-4902
-336
-4193
-2064
-1548
-1390
-2603
-3819
-1941
-2830
-2018
-2410
-2014
-3940
-2911
162
-844
-2577
-3264
-798
-3589
-3535
-2976
-4699
-2111
-4932
-799
-3636
-480
-1769
-1164
-4274
-1476
-1326
-1944
-431
-1857
-1078
-1467
-256
-29
-2637
-4647
-4208
-3062
402
311
-4261
-1715
-2565
-3085
-3400
-4631
-4045
-4498
-22
-9
-2446
-3844
-4465
-1938
-4732
-4237
50
445
-713
-1436
-3696
-2917
-1777
-2198
-4735
-2978
-3424
482
-4107
-3508
-564
199
-1498
-109
452
-4281
-4795
-4787
-4355
-1174
-3533
-809
-1452
-3128
-2434
-382
-3367
-2579
-4578
136
-3425
-3815
-2093
-4324
-694
-1085
-506
-1228
-18
-4350
-809
-4643
-2861
-3656
-1854
-2038
498
171
-449
-872
-2046
325
-4468
-2302
-278
-939
-4370
-4898
-1518
-3354
-3488
-1387
-3290
-3403
-3448
402
-4907
-347
341
95
-1938
-1973
-4421
-2926
-1718
-2828
-3413
-4757
348
-174
-151
-3965
10
-2778
100
-1325
-2263
-1314
-4119
-2529
-2574
-4454
-878
-782
467
-3079
-4122
-322
-4922
-3730
259
-649
-2681
-2397
-514
-4062
-4564
50
-295
-413
-2408
-1476
-3933
-51
-2706
-2506
-1033
-2636
125
-3429
-4539
-1389
-1196
-3843
-2413
-1005
-3463
-366
-1029
-4567
-4002
-1097
-768
-1383
-1383
-4354
-3601
-1714
-4386
-4110
-3703
-2017
-3453
-801
-3404
-2647
-4645
-3745
-2672
-4018
-3506
-2143
-109
-628
-957
-2112
-2152
-2110
-2389
-840
-3144
-67
184
-2972
-1046
-2071
-4928
-609
-2026
327
-2780
33
-3625
-4132
-3132
-4691
-4763
-4265
-3244
-3970
-2371
-4116
-3578
-4386
-935
-4942
-897
-1086
-4665
-166
-3103
-3643
-2075
-3894
-4220
-1849
-3505
-2126
-3221
-3715
-2932
-3463
-2642
-2608
-4058
-4001
-4536
-4022
-353
-693
-938
-4128
35
-4264
-2641
-4704
-3084
-3308
121
-498
-3621
-3504
-2921
-438
-1815
-4529
-1353
-4077
-3621
-313
-3994
-4762
-2288
-134
-2163
-2338
-3177
-4255
-4893
-2171
-2797
-3430
-6
-4224
-1057
488
-214
-4311
-2247
-3720
-1008
-1965
-1609
-41
-2070
409
-4599
-4493
-3611
-3653
-1157
-4487
144
-1393
-759
-628
-3102
-1530
-4155
-575
-1494
-4141
195
-4671
-2624
-3355
-207
-4907
-3377
-3868
-1780
-465
-4013
-1419
-2212
-4259
-4351
-3045
-1522
-4561
-4524
-364
-3280
-1613
-1244
-2459
-1619
-3406
48
154
-1724
-108
-3946
-2140
-4267
-1967
-4360
-577
-3215
-3562
-1807
-4370
-1829
-210
-26
241
-4059
-3801
-1195
-3436
-1389
-3303
-1105
-3720
-4356
-3228
-944
-1287
141
-3459
-2986
-4683
-69
-2694
-4585
-3070
423
-3642
-4479
-815
-4848
-3112
-3573
-511
-1373
-1958
-3680
-2754
-775
123
-3683
-772
74
-2974
-2525
-4822
-179
69
367
-2028
-1183
-786
-2746
-870
-3297
-1845
-3316
-988
-2789
-498
117
-3942
-698
-3909
-2452
-4951
-2544
-3687
-3929
-4791
-4869
-287
-1954
-940
-4168
-846
-3892
-2937
-2672
-1204
-2778
-2617
-4820
-3651
-2477
-2885
-2335
-1089
172
-4720
-4128
-515
-3414
-27
-68
-4272
-1429
-2242
-1629
-3125
-2739
-2643
-568
-4314
-2466
-3798
229
-3422
-1295
-2066
18
-1643
-3862
-1904
-4282
-3466
-3425
-1321
-978
-2196
-3673
-4618
-2062
-4926
-4403
-704
-2698
-2141
303
-2141
-2000
-2675
-4686
-2664
-2124
-1116
440
-3366
-1505
-2346
-3521
-761
-3869
-1002
-937
-2898
-4056
-442
-2026
-2386
-3836
-3341
-2261
-423
-4712
-4101
-1979
-4905
-245
236
-381
-62
-2921
-219
-3287
-1646
-4669
-4868
-1754
-3883
-4149
16
-3736
-1659
-661
-1943
-4956
-4954
-670
-3165
-2514
-1025
-1158
-903
-4982
-2716
-564
-3920
-3743
-1474
-2236
-3552
-3395
-3434
-1799
-1242
-3558
-424
-4537
-1009
-97
-2225
-4820
189
-4754
-4536
-1681
-2036
-4707
-2297
-3877
441
-714
82
-2204
-4954
-3292
-3639
-1350
-4351
-3812
-1298
-729
-4736
-4011
-1521
-1875
-3564
-262
244
-1727
-2566
-3382
-3099
-1561
-3749
-2793
-4634
-4686
-3839
-4768
-1068
342
-296
-4709
-4454
-2244
-707
-2086
-4648
-166
-4861
-320
-4148
-1445
-2730
-2528
-3292
-1545
-4545
-211
-2790
-3013
-2651
-1729
-789
-2473
-454
-2057
-550
-689
362
-3524
-3536
-1417
-3020
-2063
-2898
-587
246
-436
-2351
-1176
-4016
-2644
-3136
-3749
-3346
-1032
-3681
-3958
-1891
-336
-485
429
-1877
-888
-3713
-1440
-650
-3972
-1441
-2521
-3729
-2175
-4317
395
-1376
-2533
-1042
-2166
471
-2768
-2043
-4957
-3890
-3161
-46
-4555
-923
-3729
-2214
-1804
-3028
-3720
-3057
-2072
-621
389
-557
-1690
-1141
-1033
-825
-2385
282
-4111
373
-3842
-4603
-3169
-3953
-2781
-2902
-4856
-105
-3520
366
-4410
-3377
-736
-4808
-2101
-2220
-354
-2723
134
-3106
-2053
-1532
-1060
-514
-437
-3258
-1925
-2666
177
-3077
-1377
-2770
-1521
-4868
-1661
-2417
-4553
-2022
-641
-4541
-3314
-2988
-3924
-185
-942
-628
-178
-2470
-2467
-749
415
-964
-2074
-4298
-3974
-1645
-2125
-3098
363
-1998
-3199
-1068
-1998
-1538
-3449
-2941
-1543
271
-1908
453
-2653
-3062
-1474
-2035
-1884
-2894
-4866
-1343
-4479
255
385
-2417
-1979
-4787
-1251
-2427
-1885
-2406
-1673
-1853
-4552
-473
-1015
-3972
-3767
154
-4293
-1349
354
-3692
-3713
-1963
274
222
-2979
-2990
-2381
-4312
81
-4206
-1943
-638
-3747
-1236
-3286
-1905
-2961
-2621
-3069
-1103
160
-2353
-1863
-2967
-4203
-3123
144
-996
-1009
-880
-4956
-200
-4661
-1528
-1231
-3757
-2139
-4606
-4086
-2721
-1116
-1865
-4319
-4854
-4651
-293
-1485
-1401
-42
-499
-4789
-3787
381
-2730
-1615
-2845
-4367
-4171
-3170
-2536
-4168
-1344
-4407
-1019
-175
-1074
-4705
-1658
-1054
-1420
-2825
-2260
-2125
-3431
-4256
-788
173
-1270
-1738
-3107
-856
-4535
-1772
-2704
-1576
-2733
-1817
-2275
441
-2672
-3411
-4601
-4680
-2610
-627
-94
-2216
-4647
-2387
74
-2985
-37
-4657
-424
-4322
-3668
56
-1581
-2944
-3404
-4767
430
-4761
447
-2464
426
-4446
-588
-1076
-1601
-380
-2719
-2766
-4965
-1946
-3669
-260
-1016
-4641
-3232
-88
-2748
-4500
-1260
-3867
-866
-215
-1259
-4520
-627
-4681
-4228
-622
-4462
-4004
217
-136
-4156
-2316
-1271
-2116
-1052
-1624
-4152
-1108
-1350
-1745
-4296
-3388
-191
301
-1240
-719
-2023
-3424
-4931
-4826
-2911
-4973
-2403
-1271
-2631
-3933
-2463
147
-3073
-4715
-2414
-420
-431
-92
-748
-4569
-4003
-107
-2686
95
-3111
-3577
-181
-691
-2346
-741
-1559
-3352
-1608
-3216
-1606
-4224
-4310
-1112
-295
-2692
-2158
-1660
-1866
-333
-1594
-2204
-2269
-2138
-2879
-2647
-2721
-3736
-1077
-3681
41
-1775
-4952
348
-976
-4172
-3362
435
-1463
-3214
-394
188
-905
-2594
464
-1868
-363
-4262
-13
-63
-4378
-1513
-1150
-793
283
-77
-3560
-2500
-1234
-289
-3382
-1373
207
-1997
-3745
-4939
-285
-1254
-1669
-2450
-2686
-4869
-1211
-300
-1729
-993
-121
-3072
-1484
-1775
-4659
388
-165
-4397
-2524
-4647
-615
-477
-469
-246
205
294
-1919
425
-2409
-490
-1112
173
-2673
-972
-2839
-132
-1866
356
-222
-4758
-4917
-575
400
-3112
-4282
-4664
-2156
-2790
362
-3965
-4486
-4128
-2131
-145
-639
-3369
-2826
-1494
-2990
-4221
-918
-4575
-1251
-3399
-4662
-2797
32
291
-2409
-1369
-1630
-2807
-1704
456
64
-3933
-2622
-575
-1036
432
-71
-4964
-3336
-3775
160
-537
-2726
-2825
-4013
-4193
-3231
-3897
-1341
-4041
-5
-4615
-1188
212
-242
439
-2975
-723
-3722
-3501
496
-2575
-1373
-924
-763
-3949
-4867
-3365
-4480
-1571
-1193
-1608
-527
-3199
-265
-4299
-1278
-2272
-1311
-3150
-4247
16
-1349
-1250
-4539
-1833
-222
284
-4239
-1648
307
-24
-1356
-4038
-2312
276
-2683
333
-1627
-1543
-2898
-1312
-1062
331
-3315
-4963
-1962
-603
-4537
313
-2268
-538
-64
-4428
276
-1995
-4980
-4858
-1170
-4856
-3576
-1499
191
-1807
-4940
-4044
-4800
-2164
-1295
-1618
-790
-1212
8
-1132
-4684
-838
-4418
-3104
153
-2612
-1404
-4574
-85
-4879
57
-1578
-2983
-1288
-2174
237
-2771
-575
-460
-2062
-2902
-3699
-2167
-4220
-4810
-4641
-3505
-4720
-2603
-4454
-667
-2796
-3335
24
-4890
-4444
59
-4397
-3123
-839
490
-10
-2395
-4582
346
467
-3258
-3443
-4585
271
-481
-76
-3983
-476
476
-4578
-4270
-4673
-1364
-2663
-727
-4053
-1891
-3725
-2475
-3341
-4057
-2696
-2168
-2473
-4
-1399
-869
-4690
435
267
-441
-12
-958
-2879
-2926
-1011
238
277
-1879
-3050
-4360
-159
-3232
-4245
-3397
-2431
-2208
-892
-2418
-913
-114
-2740
-2553
-785
-2755
-1674
136
319
-3296
-3351
-2630
-2179
-1976
-162
-1958
-886
-4308
-2620
-2441
-330
-925
-4386
-1086
-2030
-56
-2919
-2656
-1763
-4917
-3332
167
-3370
-4871
-1719
-669
-983
-2792
335
-3879
-4730
-1701
149
-687
-2326
-2645
-2863
-2198
-1184
-2735
-328
-3343
-402
-3921
-2664
-4572
-4721
-4309
-2660
-298
-2119
-2820
-3302
-4144
331
-986
-253
-4712
-3014
-3935
-4342
-3972
-471
-712
-1404
-796
-1524
-1894
-4898
-3002
-3360
-1341
230
-566
-2330
-1566
-1157
-1057
-1525
-3174
-3670
-4309
-3379
-1592
-2111
-655
-701
-277
-736
-4272
-162
-3907
488
-2573
-4842
-2608
-4654
-2354
-209
-1537
-3039
-1018
-1584
-3533
-1278
-2778
-2050
-3751
-3463
-2942
-3542
-534
-4231
-1354
-4619
-1175
-4435
-1890
-4453
-3262
-4440
-4990
-1759
-1478
-436
-2746
-4979
-4601
173
-3211
-4499
-2719
-2841
-4426
-3790
-3302
174
280
-113
-3558
-3134
-1287
170
-1518
-630
-2750
-4750
-579
-1493
-4176
-1842
441
-3151
-4674
-632
-3855
-3866
-1423
-3410
-4773
-1618
-3400
-2258
-2601
-1596
223
-131
-1371
-1901
46
-3582
-2554
-3851
-1260
-4309
-1621
262
-1809
-306
-1837
-351
-329
-1232
-4693
-2734
-1119
-2973
-2953
-4964
97
-680
-4338
-1255
-2451
-697
-2227
-852
-1912
-1356
-2392
-1074
-2218
-2831
-4216
-1767
-3915
362
-398
-2288
-434
293
-4634
-593
-797
-3964
-1654
-4976
-4385
-535
276
-4649
-2089
-4314
-2009
-870
-2711
-2620
-1945
-3087
-3470
-788
-2417
-806
-3331
-1273
-1339
-4287
-2219
2
-3421
-3536
-209
-1799
-1263
-2368
-586
204
-2298
-3269
-465
-4326
-927
-2566
-2598
-54
-1652
-2517
-2216
-2679
-4381
-290
-4207
143
-1440
395
-1588
-723
-4139
-3266
-4649
-907
-2514
-2878
-4505
-269
-988
-1373
-3583
-3129
-3935
-1686
-1014
352
-1554
-1309
-4074
241
-4016
-3804
-545
-668
-1785
-3654
-4884
27
-794
-3400
-4641
-4949
-416
-1726
-3852
-2805
-2471
-3681
-1419
-2693
-3691
-356
-3620
-4212
-3040
-3326
-2190
-4355
-3320
-3546
-874
184
-3999
-4592
197
-4348
318
-1033
-937
-720
-932
-4428
-2025
-4533
-3544
-2921
-3842
-2711
-3329
165
-4320
-856
-2258
-2948
-3352
344
-304
-4821
-4105
370
-413
-435
141
-4987
172
-3606
-187
-3799
-324
-1904
-3676
-2714
-2759
-2576
-2640
-2535
493
-3257
-4375
-2671
-1260
-4005
-51
-2522
-3926
-2808
-4657
410
-4821
-2665
-4834
-3692
-3046
-2453
-4203
-928
-523
-2571
-3747
-4512
-1338
-1980
-1090
-4007
-4278
-177
-1241
-4255
389
-90
-2799
-3878
-3404
-1356
-3451
-3704
-2512
-4348
252
-1928
-128
-4492
-2492
-4054
-3587
-4799
-4986
-4997
-952
-4778
-679
-2005
-3271
-911
-4320
295
-529
-542
-4913
-4138
-1416
-407
-2060
-1766
-2095
-1728
-1257
-4559
-4433
-2511
-3481
-2772
-3480
-270
-2567
-1100
-4271
-3030
-2746
-4826
-295
-1723
-2460
-2108
-170
-127
-2570
-3848
-4303
-2051
-1609
38
-2192
-4709
-4628
-1334
-3492
-2791
92
-1531
-951
471
-2031
-2453
-4348
-846
-1974
-902
14
-824
-552
-606
44
-2245
-477
324
-205
-1597
-2457
416
-175
-4470
-4838
-4801
-3165
-2447
-4599
-1277
-2879
-748
92
-2216
-2278
-1985
-3256
-3136
-219
-543
-3488
-1580
-1369
-3416
271
-3920
363
-3164
-845
-3409
-644
-3741
-2543
-2549
-3978
-3320
-4365
-2171
-3815
413
-1354
-1087
-1164
-1245
-3060
-3110
-1426
-1948
-2053
315
-2153
325
-1176
-2679
-1184
-1841
-1499
-2301
-1106
-2781
-1045
-1478
-2537
498
-3076
-3852
-1183
-791
-1572
-1547
-2248
-2829
-4455
-1472
-4114
-4227
-4585
-3634
-3292
-4030
-2324
-2198
-3858
-1198
-4583
-806
-830
-548
-712
-2848
-3190
-546
-4991
-2861
-817
-4753
-1197
-1121
-453
-2188
-3128
-1847
-1342
-414
-1179
-1826
474
457
-4505
-4163
-2374
-3024
-3357
-4912
-3552
-4159
-1792
-2057
-1620
-2234
-1651
-1675
-4593
-3170
-3975
-120
-2715
-2153
-1030
-1395
-1170
-651
-392
-3126
-3507
-4832
-3238
-2815
-58
240
-587
-321
-484
-3565
-3645
-2622
-964
-3824
-2510
-2394
-4286
-4088
-2123
452
-2867
-2174
-3321
-2645
-946
-689
-3632
-2508
-510
-778
-1804
-3685
445
-3902
-637
-3448
-4634
-1469
-2383
-2470
-1072
-1626
-1641
-116
-3569
-4867
-4581
-2038
-1744
-246
-4906
-2420
-3187
-1349
-4253
-3621
-1244
-3340
-213
-3833
-4064
-3978
156
-602
-1659
-2293
-862
-4511
-2778
164
159
-2126
-2845
-3969
-1704
-1316
-1814
-3316
277
-2425
-2777
-3838
-1116
-3211
-1422
-452
-983
-2115
-1150
-4204
-3083
-3005
-4763
-297
-3574
-4633
-123
-2848
-136
-4870
-823
-1270
-195
-1798
-1031
-3166
-3544
-4312
-2070
-2123
-4411
-2368
-430
-2924
-1435
-4086
-1460
-808
-2245
-1189
-2739
-1823
-1528
-4206
-1032
-2345
-1750
-661
-3856
-1212
-1345
-1945
338
329
-1066
-918
-1045
-3021
-1419
-4291
-2000
-890
-2935
-3175
-1551
-4243
-4055
-4431
-692
-4708
-1366
-2415
-2960
-580
-800
-2988
-1102
-2862
-2206
-2425
-2437
-28
-1745
-431
-2962
-1840
-362
-314
-4259
-4917
95
-3700
-251
-1066
101
-2446
-4340
-965
-631
-4828
-3087
-2517
-2467
-4612
-3308
-2497
-4044
-1778
-1437
265
-2404
-3070
-3059
-3081
-442
-3085
-2069
-3813
-4166
-24
26
-3338
-2906
-4264
-3953
-182
-735
-1479
-4965
-4763
169
-1575
-1119
-3456
-4896
-3336
-2591
-1643
-2746
432
-3842
-4894
-1779
-4841
-4633
-542
-3293
-129
407
-2726
-4181
-1342
-1550
-2456
-3100
-4796
-3601
-712
-1277
-1111
-2930
-2679
-2159
-4275
-2696
-410
-4093
-1382
-3515
-1589
-2836
202
-4331
166
-3151
-166
-1453
-913
-4589
-4956
-4728
-340
391
66
-4627
-4935
-1648
242
-2097
-2084
79
-4685
-1047
-4621
-4938
-4770
-2162
-2690
-3499
-4404
-977
-1074
-356
-1237
-2848
-2294
496
-418
-4320
-1688
194
-95
-726
-2983
-2912
-705
-2347
-2832
374
-4046
-1038
-3045
-2455
-5
-915
-1749
-3564
-2217
-2996
-4497
-741
-1036
-152
-1674
243
185
-158
-4493
-2228
-1288
-2822
-124
333
-3737
-3359
-2175
-3290
-3904
-3467
-3500
-836
-4753
225
-4589
-1008
-955
-2095
-3238
-2874
-1964
-1658
-231
-2681
-2691
-4086
-2341
-4278
-4453
-2581
-343
-2013
418
-2483
-1765
-2766
-3285
-2052
-508
-2342
-288
-1835
-1919
-1003
-4378
357
-4259
-4134
-3266
-4533
499
-665
-4915
-2699
-1373
-1914
-3763
-4628
-3465
-3393
-3177
-1523
-3493
-4523
-3291
-738
191
-3084
-3849
-1140
-2817
-2195
-1766
-634
-971
-3516
-2291
-61
290
-2503
-4529
50
-1766
-3759
-2673
-1520
-1292
-1671
-2492
-3003
-3010
-4263
-553
-1316
-3620
-2818
-1807
-202
-206
-697
-1217
-4133
-4564
-2755
-4203
-1738
-2438
-537
-946
-3311
-1876
-3308
-1532
-2561
-3583
-2782
-2881
-1099
-2839
-1021
-1918
-3904
-2088
-3562
-4299
471
-1805
-3998
-929
-3619
-1941
-2813
-2235
-239
-3855
-3664
483
-4825
-1104
-1232
-4118
-2160
-1303
493
-4774
-4272
-1526
-4376
-519
-1641
-700
-4800
-3748
-845
-504
177
-2824
-3958
-3484
-234
-1926
-3093
87
-1036
-233
239
-1529
152
-1556
-4170
381
-1725
-2824
-1837
-2142
373
-3106
-4321
181
283
-1102
-4321
-827
-2610
-4371
-4336
108
-143
-610
-3852
74
-4076
-4608
-2974
-4453
-3289
-4893
-4821
-170
-2609
298
-1787
-4343
-4824
-86
-4375
-1312
-3379
-1676
-3730
-142
-2461
409
-2107
-117
-4618
-3529
-2520
-4605
-149
-2484
-3622
-1089
-4476
-2493
-1022
28
-1503
-2260
-4913
-1791
-349
-500
-533
-3168
-4098
-2638
28
281
-4019
-4651
-115
-2653
-249
-4498
-4148
247
-3579
-137
-4949
-1684
-4855
-986
29
-410
-1449
-204
-4452
-4323
-1848
-4525
-313
-1950
-1541
-1034
-2165
-12
-4482
-2006
-3395
-2451
-337
-1904
-2469
-3398
-4899
-1516
-64
-2536
-4468
-1792
-2565
-4934
-2291
-805
-4665
-3019
-1353
-4764
-2933
314
-1666
191
-2277
-4103
-3600
-1504
-4211
-4134
-1289
-2491
-4150
-3010
-2168
-2093
-4353
-2706
471
306
-799
-3803
-2463
-1492
-110
-2844
-3759
-141
-1633
-406
-710
-3344
-3852
189
-2942
-1006
-955
-2766
-3164
-4795
-839
-4622
-2719
39
145
-4491
-1923
-2726
-4135
-373
-4609
-540
-4093
-4984
-1309
-3632
-257
-4578
-2531
-1599
-3819
-3971
168
-1991
-3708
-357
-1316
-3052
-2022
-4299
-1643
332
-3473
-2574
-33
-2395
-3642
-4779
-922
-3329
191
-4599
-1923
-1104
-182
-2009
210
-4661
-4200
-1961
-60
-2770
-3174
-4915
-4913
-3857
-1108
324
-1403
-3468
-3972
-1946
-4403
-723
-3750
278
482
-665
-1866
-4592
-2500
-3938
-1851
472
-2136
-837
-3013
-3690
-4085
-3207
-1726
-3186
-69
-1790
-2235
-2978
-2207
-392
-1154
-4154
-3657
-1877
-2227
-3930
-3403
-977
-477
-4061
280
-3736
-3080
-3139
-3640
-1134
-203
-2791
-2627
-3875
-2487
-2030
-4163
-1804
403
-725
433
-1438
-677
-904
-4370
-2431
-1449
-1835
-3172
-4634
-2531
-4587
-2470
-967
-3222
-1753
250
-4864
309
-4876
427
-4788
-482
-4070
-1456
-1342
-4381
-4346
-4052
-4557
-4565
-1229
-4008
-2638
-2705
-1070
-4321
-1692
72
-4454
-1721
-2957
-234
-3126
-388
-4175
-2523
-767
-1758
-291
-4546
-2759
-1038
-3790
-2023
-1227
-4695
-1969
368
-2589
-16
128
-2825
-253
-3633
460
-1324
-1182
-3507
-1194
-763
-2746
-3536
-794
-2838
-4087
-4065
-1379
-258
-2204
-4518
-1771
291
-3155
-1158
-2546
-1166
-3427
-2972
-2741
-2294
-4358
-941
-3196
-2959
13
-771
-3787
-4712
-2176
-1008
-1961
-3287
-259
-70
-53
-516
-2610
-4631
-4097
-578
-4890
-2232
-3045
-3958
-3000
-1953
290
-360
-4129
-2833
492
116
85
-2274
-489
-4968
-3229
-1902
-2580
-3557
-2352
-4601
-2383
-1753
-965
-2941
-856
-2278
-14
-2313
-3405
-1196
188
-3053
-1781
-528
-959
-1727
-4849
-1885
-1578
-556
-2831
-2247
-1353
-2741
-4820
-4521
-833
-3071
-2095
-1684
395
-647
-4878
-981
-999
-4160
-853
-4420
-775
-1105
-2082
-3922
-3738
-1250
-4537
-3675
-3063
-1281
-329
-686
-1855
-3231
-744
-414
-2518
-4346
-3535
-2589
-3480
-3295
-386
-4772
-3375
-3487
-1835
-614
-3097
-700
-1294
-3359
-1529
-4722
-3808
-692
-2846
-2295
184
-124
-1833
-4387
-3455
-4391
-3032
-1635
-561
-1471
-4087
-436
-4371
-4024
-3744
-3476
-795
-3231
-2673
175
-856
-3677
-394
-3431
488
-4744
-827
-2564
-3282
-567
-2389
-746
-3918
-3013
-3079
-3752
-290
-2118
-1726
-3364
-2403
-3971
-1218
378
-4971
-1718
-2263
-3907
-2958
-868
-762
-1407
-2076
-1126
-1386
-1305
-4933
-3616
-412
-3558
-3284
-2157
-2967
-4565
-1631
-1657
-4624
-4508
-4607
-2096
-1689
-2052
-4424
-4150
-3041
-2254
-636
-4118
-4570
-1137
-3805
-5
-2031
-2446
-730
-1932
-704
-3488
-4667
-4934
-4707
-1159
-3651
-2930
-3624
-467
-2797
-52
-1202
-1339
-283
-3383
-4319
-2100
-3974
-2268
-3886
-2176
-622
-3906
-1358
-2673
-620
-3283
-2527
-3501
-2355
179
-2860
-2556
-4831
-1064
-87
-4296
-812
-1469
-3700
265
-94
-1965
-357
-3510
-306
-4055
-2842
-4623
-944
-1381
-181
-3708
-299
-3082
-1524
-3762
-928
-2302
-3150
-2263
-286
-2007
-1740
-1767
-1412
-410
-783
-2220
-733
-492
-3914
-2811
-3700
-1405
23
-3468
-3714
-3254
-1735
-4392
-65
-2878
-955
-1369
-3448
-2627
-2922
-3829
-3274
-1969
-3724
-2196
-3307
-1650
-4441
-1515
-2718
-2767
-1994
-4962
-2045
360
241
-4344
-658
-1501
-920
-2145
-4860
-3014
-653
-1881
-4370
-2226
-2511
-2874
-4259
-3455
-3895
-1962
314
-3431
-120
-757
-3209
209
-558
-4295
-1266
-333
-3504
-4878
-4879
-4005
-1425
-1827
-2405
216
-3831
-420
-4487
-3735
-4441
-3665
-1014
-1235
-3280
254
-3887
-4397
-3489
-177
52
-365
-2937
156
-939
-3277
365
235
-2657
-3825
-4778
-3398
-2827
-3177
376
-3613
-2259
-2973
-1837
257
-4973
496
-4380
-3997
-263
-1316
-3291
152
-3652
-2850
-775
362
-373
-575
494
-1731
-3855
-2018
-1518
-2324
-3827
316
-759
-2597
-2483
-13
-598
-3385
-3202
-437
-2928
180
-1751
-1566
-3217
-2635
319
-1467
-4120
-2245
-94
-1365
405
-1820
-1253
-2627
-1506
-3888
-4015
-1
-2228
-3226
-2570
-3123
-45
-3494
-3526
-4207
-3214
-57
-595
-4780
-3995
-1142
-4106
-2081
-3943
-4751
-4573
-3035
-4511
-2777
-288
-4449
-3429
-80
-3948
-4574
-4253
-4917
-509
-683
-923
-2368
-1529
330
-3976
-1587
-372
-1106
-2234
-731
-3865
-1176
-2639
-698
252
-3966
-1536
-1379
131
-1302
-342
-2812
-2134
-3667
-4438
-4289
-3007
-4421
-2811
-87
-2831
-3148
-871
-1851
-3412
-2185
-1781
145
-1790
-3557
-2947
-1989
-491
-3944
210
-2676
-3958
-3368
-3676
-4593
-4004
284
-4983
99
-4674
-104
-2679
-1079
-4565
-3551
-4710
-181
344
-4329
-4943
-1568
-3132
-884
-3284
-2319
-4705
-1376
-3463
-4503
-3050
-1130
402
202
-4637
75
-1525
-160
-3172
-3621
-314
495
-569
-1449
-1460
-2272
-2000
-785
-619
-996
-4105
-2366
-4133
-4512
-1340
-2309
-2142
218
-200
-3042
-860
-1930
-2397
-4127
-560
160
-4674
-3517
-4003
26
49
-2703
-3034
-4238
-60
240
-2907
-4318
-3463
-1955
-2483
-1702
231
-3946
-4750
111
-4421
-1778
-4010
-3834
-2050
-262
-2808
-2323
-3371
-2228
-758
-5
-2817
-4288
-2122
-946
-33
-3991
-1727
-3831
-3908
-1381
-317
-1052
-1264
389
176
-1955
-4095
-3670
-520
-1281
-4664
-4970
219
-2101
-1842
-3435
-3848
-290
-797
99
445
-2761
-1198
-1439
-948
293
494
-3540
-434
-864
-695
-3803
-198
-3333
-3468
-3710
-2660
-2460
-2291
-2039
-4938
-4983
-3252
-531
-1840
-1786
-972
-1421
-3383
-339
-10
-2374
-4216
-2489
-4129
-4746
-2343
-2416
-4131
-767
-1121
-149
444
-2360
-3402
-3298
-4734
-453
-1529
-1676
-4964
-4643
278
-1466
-183
-1239
-1079
-4296
-3086
-1776
-2812
250
-3469
-4283
-4484
-2663
-1383
-364
-2893
-3843
425
-4012
-929
-4163
-3655
-1032
484
499
-1433
-1404
-2361
-4679
-683
-3223
-3753
165
-3327
-4161
-3055
-1218
-2969
-452
-3036
-3300
-3428
-909
-4875
-4567
-2451
-3258
-4668
-1498
-1669
-1489
-3740
-3367
-935
-2327
343
-3147
-2287
-3902
-340
-855
-3011
251
-3192
-4141
-4664
-4932
-3721
196
-4994
-4050
-3277
-3450
-3984
-4659
-1759
-4224
-3090
-4399
-4531
-1894
191
-1307
-3401
-3969
-4869
-4873
-3889
-4206
-4063
-1846
-592
-2229
-1411
-478
334
-1365
-4911
-1019
-1777
118
-4468
-1009
-3873
-705
-886
-863
-2757
-2381
-2909
-1910
-1264
-426
-3949
-3430
271
-293
-2729
-2353
-4128
-507
-1295
-3399
-1787
-1569
-4397
397
-3277
-1385
-930
-3202
-1457
-4048
-4466
-2703
-3108
-4919
-3035
-208
-3574
-1203
-2344
-3870
-2004
-243
-3814
-3873
-4912
-1233
-4288
-248
-1982
39
-949
-1722
-4314
-4021
-3180
-3832
-3850
-4154
-691
-1502
-4245
-1016
-4897
-955
-1898
102
-1811
-3364
-4370
-4372
-375
166
-3796
-1667
91
-3257
-624
283
-4646
-4508
-3393
-292
-2393
376
-2592
71
188
-2873
-1160
-4170
-4935
-4226
-1117
-1114
-4534
-828
-4396
240
-4579
-3218
-3092
-2651
-4619
-3871
-3126
-1614
-2760
-1474
-1162
-2219
-3766
-1074
-1444
-146
-293
-3632
172
-1182
-1957
-4879
-672
-3544
143
-3595
-49
-800
-453
-4604
-267
-2106
141
-3686
-1030
-4498
-1943
-1595
-602
-4862
72
-2523
-1995
-2282
-355
-2888
-3721
-4910
-4039
-2418
-2440
-931
-877
-4690
-1011
-3905
-1771
224
-4122
-1588
-3154
497
-4762
367
-3599
-2811
-3302
-4956
-3278
-3035
-530
456
-4443
-3528
-1013
-312
-212
-4364
-995
-186
-1818
-1545
-3929
-3685
-1522
-239
-3039
-1334
226
-301
-1919
-2490
348
-2315
-767
-2560
-4495
147
-1936
205
298
-4935
-2526
-336
-2404
-2491
-4557
-1486
-232
-4616
-919
-4999
-3030
-2047
-153
-3414
-3740
-3723
-2920
-3918
21
-1930
-4594
-3259
-3328
-1832
-144
-2558
-4105
-254
-2153
-3885
-2142
-894
-3041
-1411
-2350
-3853
-1436
-363
-4746
-4383
-3920
-888
115
-1817
-2010
-945
-4025
-1589
-140
-976
-1750
-2670
-3321
-1803
-2082
-1324
-351
-1596
-1300
-578
-344
-4063
-3077
480
-1705
94
-993
-4785
-185
468
-2037
-3660
-3550
-1878
-554
-1557
-4184
-91
-2357
-4293
-4539
489
445
-4310
-3936
-3510
-3503
-2418
-3375
-4960
-4186
-2458
-1774
-2336
-4092
-2026
-261
-2496
-2687
-2480
-2357
-247
-4419
-4138
-4403
352
-393
-3986
157
-4248
-919
-2318
-265
-3260
-840
-8
-1986
-1366
-1598
-2120
-791
-1536
-1221
13
-2453
-3632
-757
-3230
-437
-371
-2951
-2152
-544
-2205
-2137
-2590
-123
-2673
-2616
-817
-964
81
-2536
-2007
-3509
-1203
-997
-3713
-4038
-1939
-1711
385
-512
-1583
-152
311
-4141
-2297
-1969
-1767
-4284
-1776
420
-1825
-3945
-3009
-4618
-1305
-3197
-2332
-1586
-3144
-4793
-4503
-2159
125
282
-2660
-388
-432
-649
-3600
-2174
-2657
-4834
-3044
-2000
-1900
-3077
-1853
-3898
-3987
-4705
-1913
-4230
436
-920
-358
-531
-3648
-81
-4541
-1951
-577
-498
-4565
-3904
-1872
-2019
-3096
-1826
-4462
-256
-4102
-3308
-23
27
-3586
-2083
-1157
-3850
-3545
-3341
-3499
-3234
-4181
-2860
-76
-1589
-2041
262
-1628
-164
-1808
-4388
-1545
-3680
-2717
-3057
-3945
-3738
-3320
-3815
-4332
110
-2761
-4151
-4132
-1941
-4522
-3220
-663
-583
-3662
-3831
-1043
-1135
-2437
-757
152
-3810
-4522
-4176
-1076
-425
-571
-2168
-4676
-4761
451
-3678
-4533
-2361
-2906
-3399
-1865
138
21
-4699
-2338
-3976
-2921
-3910
-1395
-403
-2738
-3357
-948
-4883
-1487
-1915
-3318
-1792
-4734
-3278
-4414
-4475
-1188
-2899
-3971
-1609
-198
-3699
-3489
-2381
-162
-112
-3557
-4121
-3327
-2219
-2629
-4696
-2869
-531
-2405
-4479
-881
-4889
-3811
-2092
-3448
-686
256
-4512
-497
50
-3222
96
-2805
259
-3471
-1465
-4830
-4152
-4951
-3531
-928
-1103
-1475
-233
431
-1111
-4917
-1592
10
-1752
-1167
-1620
-4143
-2029
-2158
-3111
-2419
-453
101
16
422
-4435
-4087
-3670
-1558
-1933
-4000
-786
-2216
-4833
-3867
-4772
-2456
-3219
-4436
-3690
-4068
-1291
-2685
-3619
-301
448
-1665
-3950
-3168
-3307
-1029
-1452
-4752
-4175
-704
-1528
-2688
-2769
-384
-3585
-2848
-176
401
-2207
-2337
-380
-3225
-4096
-302
-4219
-3383
-227
-1713
-2671
-880
-2412
-93
4
-3780
-2932
-4907
-868
-1796
-1167
-2803
-3304
-1477
-1490
-2625
-485
-3554
-4650
-2975
-2911
-312
-297
-4870
-1991
-1236
-3916
-559
-1826
-1794
-1296
-2077
-4812
-2787
-4642
205
-565
-4033
-4449
-3703
-2446
-1665
-2994
-2512
-2791
-1249
-4211
-3129
-2713
-4337
-2621
-4492
-1
-765
-3148
-4819
-784
-1634
-75
331
-1225
-1498
-4498
-4059
-911
-2396
-4806
-3444
-2870
-2223
-1043
-4952
-3996
-748
215
-4589
-609
-1657
-3729
-977
384
-2112
-1226
-721
-590
-415
-4109
408
-1849
-4413
-3470
-3085
-373
-2064
-753
-1140
-4479
-3195
-639
-1414
-1725
457
-3342
-3980
-3237
-685
209
-2280
-946
-964
-3852
-4776
-4944
-1354
-4792
-3273
-4275
-109
-3421
-4315
-4728
-1217
268
-650
162
-4044
-934
-4855
-513
362
-152
-4377
141
-2863
-3052
-4638
-1971
-2700
-1304
252
-572
-1336
-1442
-2201
-2791
-4649
333
-4679
-4936
-747
-3673
488
-993
-3352
-4506
330
-680
-3997
-762
-2400
-1158
-2941
-2809
-4968
-1684
-1179
-4998
-1757
-1485
-1894
-4549
-1556
-3098
-2071
-2060
203
-3081
-2525
-1404
-4412
-4863
-3322
418
38
-4278
-1965
-2630
-4026
-4194
-4688
-3825
-4306
-611
151
-3745
-4787
-2715
-2634
-3957
-1107
-2943
-2681
-3328
-1816
-1200
-2336
-1606
-3390
-720
-1521
-790
-2539
-1561
-801
-2515
-3526
-1208
-2129
-1195
-2688
-4825
-2929
-294
-1381
236
439
-3395
-2283
-4605
-4234
-1892
-4099
-2996
-3982
-4017
-556
-1522
-4096
59
-432
-4281
-3770
-3964
-3066
-2080
-1167
-3816
-1096
-90
-4470
-3822
-1296
-1912
-3102
439
-3922
-2306
-419
-2180
-3418
-3834
-4013
-2000
-1100
-1359
-4338
-2989
-2663
-1385
-2511
-2148
-2327
498
208
-4549
-4531
257
-4993
-2575
-3993
-508
-2601
-4902
-4338
-1124
-47
-3222
-4799
-3732
-940
-4321
-1853
-1137
-3221
-4809
-442
-348
-4425
-1170
-3172
-3920
-1986
-2662
-2241
-3851
-2176
-526
-4763
-158
-2559
-1679
-3423
-2895
-4808
-2030
-1344
-1378
-881
-794
-2216
-3871
-329
-155
-1965
-2262
-4104
-18
-1527
-4592
-1539
-3417
-423
-2001
-1620
-4213
-1794
-81
-2540
-4463
-2222
-2233
-4429
7
-487
-2222
-795
-4432
-114
-3774
-464
-4143
96
-4387
-3131
-4562
-2956
-3350
-767
-3896
272
-151
-116
-2207
-526
-2572
-2448
-3587
-3905
210
-306
-2038
-1161
13
454
-3450
157
-1840
-2835
-2630
-3593
-2124
-1898
-4449
-3123
-1676
-4315
-2069
-2914
216
-546
-2027
-3243
-1181
-1986
-2365
-538
-4253
8
75
-3107
265
-1825
-2213
-817
-2568
-2530
-3948
-3719
-2996
-1225
-4233
-3533
-1506
-4460
-2232
-3284
-2356
-299
-3608
-3182
211
-2929
-754
438
-2196
-4993
-3215
-3203
-2629
-72
-4358
-1603
-977
-1786
-4799
-287
-1039
-3672
-1220
26
-3501
438
-4172
-1268
-4721
-664
-3784
253
-4657
-2911
-1549
-1601
-4176
-1748
-2310
-3393
-4760
-823
-2903
-4016
-2883
-2867
-3464
-4480
344
-2569
-782
34
164
389
-3927
-4725
-1257
-3678
-2666
353
-2410
-2524
-1636
-1868
-1981
-2374
-1697
-332
-79
-4559
-4919
186
-4802
-4097
-3998
-3876
-4901
-3151
-2210
-3252
-72
-1543
237
-900
-1240
-234
-4690
-4711
-4249
-1509
-1215
-4171
15
-395
-1876
-4716
-1073
-1314
-784
-3400
-1180
-4635
-2882
-4214
-2885
-335
-1725
-1655
-497
-2118
483
-1255
-2309
-4996
-3847
-4917
-4778
-338
-560
-2415
-106
-1589
-240
-4014
108
-1685
-1310
-3560
441
-2713
-529
-2600
-3715
-3836
-2980
-2737
-2508
-2308
-3357
-4885
-4539
-1811
-3672
-3234
-2489
-1120
-2868
-3368
-409
-4065
-4866
-4241
-470
-3780
-1855
-4531
-2412
-4634
-4444
-2193
-1795
-936
-1399
-212
-4936
-4381
-3872
-2240
-1979
-4704
-4674
360
-665
-1373
-1214
-2934
-1448
-2536
-2416
-1326
325
-4947
-2565
201
-1416
-1034
-3772
-2901
-1683
-4923
-4627
-670
-4868
-2614
-938
-1071
-4001
-2673
-319
-3476
-1080
241
-2875
-1751
-4968
122
-4529
-338
-3188
-2100
-1822
-2771
-611
-3315
-2197
-1869
-894
-1191
-4617
-1329
-1957
-3574
-4830
336
-1502
-2724
-4379
-4050
-348
-3747
-2909
-4017
-1695
-4059
-3913
-294
-3391
-1963
-2380
-4316
-3518
-2323
-3365
-1181
-914
-2089
-3506
-3477
-3559
-1070
-3054
-2137
-2187
-4803
-1566
-785
-3998
-2030
-1218
-2314
-2578
-1419
-826
239
-3508
-969
-2492
-3255
-998
-4662
-4224
-3576
-590
-2342
-4129
-3611
247
-4034
-3271
-3407
-630
-3265
-1718
-4035
-4470
-1
-1865
-690
-4061
-216
-2275
-3213
-1131
-164
-2228
-4836
-2674
-3073
-2139
-4173
11
-711
-3094
-4749
-4385
-1979
-2107
481
-3563
-3246
-3970
-1696
-4984
-664
-2502
-4679
-1873
-3847
-576
-4921
-3068
-1538
-1128
203
-4891
-4302
-2230
-4053
205
-2842
-4388
-4566
-1704
-2435
-4240
-1381
-820
-3127
-3727
-2941
-1761
-4530
220
-4767
-2840
-176
-105
-1165
-938
-677
-1081
188
-1197
-4734
-2432
-4003
-204
-3894
-3742
-4892
-1255
-1889
-2779
-2519
348
-539
-1316
-3610
-3926
-3838
-2794
353
-3278
-1060
-406
-3733
162
-3461
-2692
-1136
-2285
-2675
-3065
-3500
213
-2083
-718
-3994
-464
-1392
271
-2142
-4691
-256
-2856
463
-3486
-3886
-688
-4044
-3939
-1639
-2930
-3349
-4395
-1253
-257
-502
-4184
-1706
-4317
-4777
-926
-2289
-2292
-1692
-4946
258
-1686
-814
-1267
-2915
-501
-683
-1905
-454
411
-4559
-3788
-2781
-4936
210
-4673
-1028
-4699
-4295
-622
-31
-3554
-881
-1216
-2995
-4052
-4898
-3561
-3737
-2644
-4916
-4333
290
-1550
-2989
-4617
-4162
-576
-2361
-232
-4627
-1715
-201
-4838
-632
-1014
55
-3001
301
-3149
-2773
33
-4942
-4231
-409
-3811
-385
-4865
-3679
-2986
-156
-2055
255
-1293
-4218
-3048
-574
-3082
-2900
-562
-4334
-1422
-3440
-4334
-771
-1675
-4404
-686
-3163
-460
-117
-4203
-2271
-1316
-3435
-3818
-3816
-1990
-3309
-2769
-607
-766
-4073
-3605
-1101
-4565
-2341
-150
-1169
-4039
-1672
-1728
-4203
465
-4238
-3979
-3303
-4752
493
-1720
-944
85
-2431
-4129
-2069
-278
-315
398
-4225
-2031
72
-2059
-107
392
-4422
-3514
-3865
-1827
-2276
-41
423
-2170
-4331
-3847
348
-2606
-4579
-719
-3816
-4488
191
-144
-2339
-4199
-394
-120
-2119
-1699
-3111
-3565
-699
-703
-1345
483
308
-2211
-855
-1350
-350
-987
-1215
-726
-3917
-4679
-3259
-2530
-700
438
-305
-2090
-2662
361
-1417
-2643
141
-1580
-3631
-3186
-3402
-1407
-2516
-181
-3772
-1394
-3591
-4561
-1237
-4251
-2579
-1877
-2268
-304
-3946
-2778
-3644
-2159
-1981
-3110
-4844
-3066
-554
-2921
-2154
-327
-639
182
-657
483
-2165
-2763
-2713
-820
-4235
-1365
-3902
-4607
-2855
-1155
-4681
-2095
-2589
-2004
-2667
-3031
-422
102
-66
-3410
-208
-3346
-3354
-4552
22
-2011
-3500
-1065
-1576
333
-2931
-4089
-2894
-3557
-1975
-1250
-2253
-877
-3431
-3086
-4311
-1799
-710
169
-2462
-2358
-1722
-2793
-2891
-2563
-4607
-1497
-3128
-1320
-4381
-1235
-4656
-369
470
-4193
-3918
28
-536
422
-2272
-1636
-2421
-2001
-1523
-1105
-2386
-2584
48
-3182
-4631
-1091
-2187
21
-1805
-3725
-952
-32
-516
-4099
-4916
-4806
-3739
-1426
-290
-2130
